Date	Arkengarthdale	East Cowton	Malham Tarn	Snaizeholme
1993-01-01	0.0	0.0	0.0	4.0
1993-01-02	0.0	0.0	0.4	2.0
1993-01-03	0.0	0.0	0.533	1.333
1993-01-04	0.6	0.7	0.6	1.029
1993-01-05	3.4	2.1	9.0	0.131
1993-01-06	3.4	2.1	9.2	0.331
1993-01-07	4.8	3.1	13.4	0.692
1993-01-08	4.6	2.4	13.6	1.264
1993-01-09	5.4	1.2	6.274	2.055
1993-01-10	8.658	1.8	8.2	3.109
1993-01-11	9.858	1.576	6.8	4.421
1993-01-12	11.258	2.576	6.6	5.963
1993-01-13	9.172	4.576	6.626	7.723
1993-01-14	7.314	4.376	6.3	9.669
1993-01-15	6.514	6.6	5.253	12.015
1993-01-16	6.914	6.2	6.853	14.828
1993-01-17	7.0	4.2	5.753	17.574
1993-01-18	7.3	4.4	14.753	19.74
1993-01-19	7.3	1.4	21.4	20.985
1993-01-20	6.7	0.8	24.4	21.133
1993-01-21	6.5	1.6	27.01	20.611
1993-01-22	6.0	1.6	17.61	19.846
1993-01-23	5.218	1.919	10.71	18.008
1993-01-24	4.455	2.012	7.71	14.475
1993-01-25	3.655	1.012	5.1	10.196
1993-01-26	2.655	0.412	3.5	7.996
1993-01-27	2.437	1.893	2.0	7.569
1993-01-28	1.8	3.4	2.0	8.136
1993-01-29	1.4	3.4	3.2	8.536
1993-01-30	1.2	3.4	3.2	6.736
1993-01-31	0.4	3.4	4.8	4.736
1993-02-01	0.2	1.8	3.2	3.8
1993-02-02	0.0	1.8	2.2	2.8
1993-02-03	0.0	1.8	2.2	2.2
1993-02-04	0.0	0.0	0.6	1.2
1993-02-05	1.2	2.4	0.4	0.6
1993-02-06	1.4	4.2	1.4	1.0
1993-02-07	1.4	4.2	1.8	1.0
1993-02-08	1.8	4.2	1.6	1.0
1993-02-09	0.8	1.8	1.6	0.4
1993-02-10	0.6	0.0	0.4	0.2
1993-02-11	0.6	0.0	0.0	0.2
1993-02-12	0.2	0.0	0.0	0.2
1993-02-13	0.0	0.0	0.0	0.2
1993-02-14	0.0	0.0	0.0	0.0
1993-02-15	0.0	0.0	7.2	0.0
1993-02-16	0.0	0.0	7.4	0.0
1993-02-17	0.0	0.0	9.4	0.0
1993-02-18	0.4	0.0	19.0	4.4
1993-02-19	0.4	0.0	12.4	4.4
1993-02-20	0.4	0.0	13.8	4.6
1993-02-21	0.4	0.0	11.8	4.6
1993-02-22	0.4	0.0	2.4	0.6
1993-02-23	0.4	0.0	2.2	0.6
1993-02-24	0.4	0.0	0.6	0.4
1993-02-25	0.8	0.2	3.6	1.4
1993-02-26	1.41	0.4	4.6	3.0
1993-02-27	2.81	0.6	6.8	4.0
1993-02-28	4.21	0.748	7.0	4.0
1993-03-01	4.71	0.6	4.4	5.8
1993-03-02	4.1	0.4	3.4	6.2
1993-03-03	3.1	0.2	1.0	5.8
1993-03-04	2.1	0.052	0.8	6.0
1993-03-05	1.2	0.0	1.0	3.4
1993-03-06	0.8	0.0	0.8	1.0
1993-03-07	0.4	0.0	0.6	0.4
1993-03-08	0.0	0.0	0.6	0.2
1993-03-09	0.0	0.0	0.0	0.0
1993-03-10	0.0	0.0	0.8	1.0
1993-03-11	0.0	0.2	2.2	1.4
1993-03-12	0.4	0.2	4.2	5.2
1993-03-13	0.6	0.2	10.0	6.8
1993-03-14	0.6	0.2	14.655	5.8
1993-03-15	3.4	0.0	17.787	10.2
1993-03-16	3.2	0.0	18.987	8.4
1993-03-17	3.0	0.0	13.387	8.0
1993-03-18	4.4	0.0	9.532	10.2
1993-03-19	1.6	0.0	7.6	5.4
1993-03-20	1.4	0.0	4.4	4.6
1993-03-21	3.0	0.0	4.2	4.698
1993-03-22	2.0	0.0	3.0	3.898
1993-03-23	4.8	0.2	3.0	7.298
1993-03-24	4.8	0.2	3.4	7.298
1993-03-25	3.2	0.2	3.4	6.0
1993-03-26	2.8	0.2	3.2	4.6
1993-03-27	0.0	0.0	0.6	1.2
1993-03-28	0.0	0.0	0.4	1.2
1993-03-29	0.6	0.0	2.4	5.4
1993-03-30	3.6	2.5	2.6	9.503
1993-03-31	5.0	4.3	6.0	13.303
1993-04-01	5.2	6.9	6.4	13.103
1993-04-02	4.6	7.3	7.8	14.603
1993-04-03	1.6	5.2	9.6	11.9
1993-04-04	0.2	3.8	7.2	9.552
1993-04-05	0.156	1.4	9.8	10.1
1993-04-06	0.6	1.0	11.8	6.0
1993-04-07	1.2	0.6	9.6	5.4
1993-04-08	1.716	2.0	8.621	3.948
1993-04-09	1.904	2.8	5.508	2.6
1993-04-10	1.659	3.0	0.308	1.0
1993-04-11	1.168	5.0	1.108	1.2
1993-04-12	0.684	4.8	4.887	3.0
1993-04-13	0.341	3.8	4.8	8.2
1993-04-14	0.141	3.6	4.6	12.4
1993-04-15	0.032	1.6	4.0	14.4
1993-04-16	0.0	1.0	1.104	18.1
1993-04-17	0.0	1.0	2.904	15.65
1993-04-18	0.529	3.2	5.404	11.85
1993-04-19	1.729	4.2	8.204	13.35
1993-04-20	3.129	3.6	10.5	11.65
1993-04-21	3.729	3.6	9.9	11.2
1993-04-22	3.2	1.4	8.6	12.6
1993-04-23	4.2	0.5	14.0	12.9
1993-04-24	4.2	0.3	11.0	11.3
1993-04-25	7.0	0.4	10.8	10.689
1993-04-26	9.622	0.4	11.4	10.489
1993-04-27	8.6	0.3	3.0	5.689
1993-04-28	7.6	0.1	2.8	3.489
1993-04-29	4.6	0.0	1.8	1.6
1993-04-30	2.178	0.0	0.0	1.0
1993-05-01	1.2	0.0	0.0	2.0
1993-05-02	0.8	1.2	2.2	2.5
1993-05-03	0.4	1.2	2.2	2.5
1993-05-04	0.2	1.2	2.2	1.5
1993-05-05	0.2	1.2	2.2	0.5
1993-05-06	0.2	0.0	0.0	0.0
1993-05-07	0.2	0.0	0.0	0.0
1993-05-08	0.2	0.0	0.0	0.0
1993-05-09	0.0	0.0	0.0	0.0
1993-05-10	0.6	2.8	5.0	0.2
1993-05-11	0.8	6.0	5.0	0.6
1993-05-12	0.8	6.0	5.0	0.6
1993-05-13	0.8	6.0	5.832	0.63
1993-05-14	2.6	3.2	3.648	0.533
1993-05-15	3.2	0.0	8.832	0.333
1993-05-16	3.4	1.7	16.0	0.63
1993-05-17	3.8	5.1	23.168	0.97
1993-05-18	1.6	5.3	20.752	1.267
1993-05-19	1.0	5.3	15.568	1.067
1993-05-20	1.0	3.6	8.9	1.07
1993-05-21	0.8	0.2	1.9	1.3
1993-05-22	0.6	0.0	1.5	0.9
1993-05-23	0.4	0.0	1.5	0.9
1993-05-24	0.2	0.0	1.0	0.6
1993-05-25	0.0	0.0	0.0	0.0
1993-05-26	1.8	1.2	3.6	0.148
1993-05-27	2.4	1.4	6.2	0.748
1993-05-28	3.0	1.4	12.4	4.748
1993-05-29	4.4	1.8	19.6	7.548
1993-05-30	5.435	2.0	23.056	10.511
1993-05-31	8.635	1.8	27.057	13.6
1993-06-01	9.435	2.8	26.657	13.6
1993-06-02	8.835	2.4	20.457	13.0
1993-06-03	6.0	1.4	13.401	9.889
1993-06-04	2.4	1.4	7.0	6.4
1993-06-05	1.0	0.4	1.2	2.4
1993-06-06	0.2	0.4	0.2	0.2
1993-06-07	0.2	0.0	0.2	0.4
1993-06-08	0.0	0.0	0.0	0.2
1993-06-09	1.0	0.0	6.4	1.4
1993-06-10	1.0	1.2	11.9	6.0
1993-06-11	1.0	1.8	15.5	8.1
1993-06-12	1.0	1.8	15.5	8.1
1993-06-13	0.0	1.8	9.1	6.9
1993-06-14	0.9	1.2	10.0	3.6
1993-06-15	2.7	1.8	15.0	3.9
1993-06-16	2.7	1.8	15.0	3.9
1993-06-17	3.9	3.4	21.6	8.1
1993-06-18	4.493	3.4	20.0	11.231
1993-06-19	4.293	2.4	14.2	13.131
1993-06-20	4.293	2.4	14.2	13.131
1993-06-21	3.093	0.8	7.6	8.931
1993-06-22	1.6	0.8	2.8	4.5
1993-06-23	0.2	2.0	0.0	0.2
1993-06-24	0.4	2.0	0.0	0.2
1993-06-25	1.6	2.0	1.4	3.0
1993-06-26	1.6	1.4	8.6	5.2
1993-06-27	1.4	0.0	8.6	5.0
1993-06-28	1.2	0.0	8.6	5.0
1993-06-29	0.0	0.0	7.2	2.2
1993-06-30	0.2	0.0	0.0	0.6
1993-07-01	0.2	0.0	0.0	1.4
1993-07-02	0.2	0.0	5.0	2.2
1993-07-03	0.4	0.0	9.907	4.8
1993-07-04	0.8	0.0	14.507	8.8
1993-07-05	0.8	0.0	14.507	8.0
1993-07-06	0.8	0.0	9.507	7.2
1993-07-07	0.6	0.0	4.6	4.6
1993-07-08	0.0	0.0	2.8	1.024
1993-07-09	0.0	0.0	8.4	3.824
1993-07-10	1.2	0.0	13.2	8.224
1993-07-11	2.2	0.0	18.0	13.624
1993-07-12	2.2	0.0	15.2	13.2
1993-07-13	5.2	1.4	14.6	10.6
1993-07-14	7.0	2.586	13.2	6.2
1993-07-15	9.0	3.386	14.4	0.8
1993-07-16	12.0	3.7	23.0	0.2
1993-07-17	9.0	2.3	19.8	0.0
1993-07-18	6.8	1.714	21.0	0.0
1993-07-19	4.393	1.359	19.506	0.0
1993-07-20	1.6	1.2	15.106	0.0
1993-07-21	1.6	1.2	13.306	0.0
1993-07-22	0.8	0.6	11.106	0.0
1993-07-23	0.328	0.156	13.2	0.8
1993-07-24	0.521	0.0	9.2	0.8
1993-07-25	1.521	0.4	9.492	0.8
1993-07-26	3.921	0.4	7.692	0.8
1993-07-27	4.8	0.8	8.092	0.0
1993-07-28	4.4	0.8	7.892	2.6
1993-07-29	4.0	0.4	10.2	2.6
1993-07-30	1.6	0.4	12.8	2.6
1993-07-31	3.8	0.0	15.0	2.6
1993-08-01	3.8	0.0	16.0	0.0
1993-08-02	4.0	0.0	18.0	0.0
1993-08-03	6.8	0.0	23.4	3.0
1993-08-04	4.8	0.311	20.4	6.4
1993-08-05	6.3	1.2	22.159	8.3
1993-08-06	7.3	2.4	18.159	8.7
1993-08-07	4.7	2.8	14.359	8.7
1993-08-08	4.3	2.689	11.759	6.5
1993-08-09	3.2	1.865	10.555	5.276
1993-08-10	1.4	0.665	10.155	5.276
1993-08-11	2.3	0.265	7.255	2.48
1993-08-12	3.7	0.065	7.255	1.338
1993-08-13	3.3	0.0	5.7	0.662
1993-08-14	3.3	0.0	5.5	0.262
1993-08-15	2.2	1.0	3.6	0.058
1993-08-16	0.0	3.0	0.0	0.0
1993-08-17	0.0	3.0	0.0	0.0
1993-08-18	0.0	3.0	0.0	0.0
1993-08-19	0.0	2.0	5.6	1.0
1993-08-20	0.0	0.0	7.0	1.2
1993-08-21	0.4	0.0	9.0	2.0
1993-08-22	1.187	0.0	9.0	3.2
1993-08-23	2.187	0.2	3.4	3.2
1993-08-24	2.187	0.2	2.0	3.0
1993-08-25	1.787	0.2	0.0	2.2
1993-08-26	1.0	0.2	0.0	1.0
1993-08-27	0.0	0.0	0.0	0.0
1993-08-28	0.0	0.0	0.2	0.0
1993-08-29	0.0	0.0	2.2	1.4
1993-08-30	0.0	0.0	2.2	1.4
1993-08-31	0.0	0.0	2.2	1.4
1993-09-01	0.0	0.0	2.2	2.4
1993-09-02	0.0	0.0	0.2	1.0
1993-09-03	1.2	0.0	0.2	2.2
1993-09-04	1.2	0.0	0.2	2.2
1993-09-05	1.2	0.0	0.0	1.2
1993-09-06	1.2	0.0	0.0	1.2
1993-09-07	0.8	0.0	0.0	0.0
1993-09-08	2.765	1.45	0.186	2.4
1993-09-09	5.465	4.35	0.986	7.2
1993-09-10	7.929	5.75	11.186	11.255
1993-09-11	9.129	5.75	17.186	14.355
1993-09-12	8.564	4.3	18.8	14.755
1993-09-13	7.514	1.4	22.7	14.155
1993-09-14	7.25	0.0	20.1	15.7
1993-09-15	8.0	0.0	17.9	16.8
1993-09-16	9.6	0.0	16.1	14.0
1993-09-17	7.95	0.0	11.4	9.8
1993-09-18	5.75	0.0	3.8	4.2
1993-09-19	3.0	0.0	0.2	0.4
1993-09-20	3.2	2.6	0.897	3.46
1993-09-21	3.4	2.6	2.297	8.86
1993-09-22	3.4	2.6	4.497	9.06
1993-09-23	3.4	2.6	4.497	8.66
1993-09-24	0.2	0.0	4.6	5.6
1993-09-25	0.0	0.0	3.4	0.4
1993-09-26	0.0	0.0	1.2	0.2
1993-09-27	0.0	0.0	1.0	0.2
1993-09-28	0.0	0.0	0.2	0.2
1993-09-29	0.8	0.2	8.2	0.8
1993-09-30	3.035	2.8	12.0	6.2
1993-10-01	6.235	5.0	21.4	10.6
1993-10-02	7.835	5.961	29.0	12.47
1993-10-03	7.035	5.761	20.8	11.67
1993-10-04	6.4	3.361	21.0	7.27
1993-10-05	5.877	1.329	18.8	8.07
1993-10-06	7.477	0.469	14.4	9.2
1993-10-07	9.423	0.5	19.6	10.361
1993-10-08	8.223	0.3	15.8	9.561
1993-10-09	5.547	3.531	8.6	4.761
1993-10-10	2.547	3.431	5.6	2.361
1993-10-11	1.0	4.0	1.4	1.2
1993-10-12	1.464	4.945	6.4	6.0
1993-10-13	2.664	2.745	6.4	5.6
1993-10-14	2.464	4.145	6.4	5.2
1993-10-15	2.064	3.545	5.4	5.4
1993-10-16	1.2	2.6	0.2	0.4
1993-10-17	0.0	1.4	0.2	0.6
1993-10-18	0.0	0.0	0.2	0.4
1993-10-19	0.0	0.0	0.4	0.4
1993-10-20	1.0	3.0	3.2	3.6
1993-10-21	1.0	4.8	3.4	3.6
1993-10-22	1.0	5.0	3.2	3.6
1993-10-23	1.0	5.0	3.0	3.4
1993-10-24	0.2	2.4	0.4	0.2
1993-10-25	0.2	0.6	0.2	0.0
1993-10-26	0.2	0.4	0.2	0.0
1993-10-27	0.2	0.4	0.2	0.0
1993-10-28	0.0	0.0	0.0	0.0
1993-10-29	0.0	0.0	0.0	0.0
1993-10-30	0.2	0.0	0.0	0.0
1993-10-31	0.2	0.0	0.0	0.0
1993-11-01	0.2	0.0	0.2	0.8
1993-11-02	0.2	0.0	0.2	0.8
1993-11-03	0.6	0.6	1.6	1.8
1993-11-04	0.6	0.6	2.4	2.4
1993-11-05	0.6	0.6	2.2	1.6
1993-11-06	0.6	0.6	2.4	1.8
1993-11-07	0.2	0.0	1.4	0.8
1993-11-08	0.2	0.0	0.6	0.4
1993-11-09	0.2	1.8	11.2	0.5
1993-11-10	0.2	2.2	11.2	0.3
1993-11-11	0.0	2.2	12.2	0.3
1993-11-12	0.4	2.2	17.6	3.0
1993-11-13	0.696	0.4	11.374	8.7
1993-11-14	0.8	0.0	13.574	10.7
1993-11-15	0.8	0.0	12.174	10.7
1993-11-16	0.4	0.0	6.774	7.8
1993-11-17	0.104	0.0	2.4	2.0
1993-11-18	0.0	0.0	0.0	0.0
1993-11-19	0.0	0.0	0.2	0.0
1993-11-20	0.0	0.0	0.8	0.0
1993-11-21	0.0	2.0	1.0	0.0
1993-11-22	0.0	3.0	3.2	0.0
1993-11-23	0.0	3.0	3.4	0.0
1993-11-24	0.0	3.0	2.8	0.0
1993-11-25	0.6	1.0	4.8	2.5
1993-11-26	0.6	0.0	3.0	2.5
1993-11-27	0.6	0.0	2.6	2.5
1993-11-28	0.6	0.0	2.6	2.5
1993-11-29	3.8	1.2	0.4	0.0
1993-11-30	5.4	3.6	4.6	3.2
1993-12-01	5.8	4.6	9.8	6.171
1993-12-02	6.4	4.6	14.213	8.597
1993-12-03	4.2	3.4	17.613	10.371
1993-12-04	6.2	1.4	16.0	8.4
1993-12-05	7.2	0.4	13.6	6.429
1993-12-06	7.556	0.4	18.388	6.019
1993-12-07	6.756	0.4	21.388	7.444
1993-12-08	4.031	0.0	25.394	9.667
1993-12-09	3.631	0.0	30.894	12.267
1993-12-10	3.8	1.6	31.3	13.985
1993-12-11	4.2	1.6	35.1	14.585
1993-12-12	4.482	2.067	28.106	14.333
1993-12-13	4.522	3.4	26.106	12.126
1993-12-14	4.26	3.6	16.5	8.392
1993-12-15	3.705	4.8	8.18	4.742
1993-12-16	2.948	4.333	12.38	1.942
1993-12-17	1.908	3.0	10.88	1.15
1993-12-18	1.045	1.2	18.48	1.594
1993-12-19	0.4	1.0	20.4	1.6
1993-12-20	0.0	1.0	16.2	1.2
1993-12-21	0.4	1.0	11.8	0.6
1993-12-22	4.0	1.6	13.2	0.156
1993-12-23	6.2	2.6	19.8	0.3
1993-12-24	6.4	3.9	22.4	0.9
1993-12-25	6.0	4.5	23.0	1.3
1993-12-26	2.4	4.9	17.4	1.3
1993-12-27	0.2	2.9	7.6	1.0
1993-12-28	2.6	1.6	10.6	3.3
1993-12-29	5.4	1.0	18.8	5.152
1993-12-30	6.8	0.0	20.567	6.2
1993-12-31	6.8	0.0	20.767	6.6
1994-01-01	4.4	0.4	15.567	5.3
1994-01-02	2.979	0.696	17.367	4.337
1994-01-03	3.979	0.8	17.8	4.0
1994-01-04	3.979	0.8	17.2	4.0
1994-01-05	3.779	0.4	27.6	3.2
1994-01-06	2.4	0.104	17.2	3.111
1994-01-07	0.0	0.6	11.6	2.8
1994-01-08	0.0	0.8	16.8	4.0
1994-01-09	1.8	2.6	14.0	6.4
1994-01-10	1.8	3.2	13.6	5.2
1994-01-11	3.2	4.0	17.8	7.6
1994-01-12	4.456	6.0	15.7	8.362
1994-01-13	3.571	5.4	10.1	6.562
1994-01-14	4.088	4.8	20.9	7.0
1994-01-15	2.888	5.2	16.9	4.2
1994-01-16	1.633	4.8	13.6	1.838
1994-01-17	0.717	4.2	11.2	0.638
1994-01-18	1.2	6.2	9.2	0.4
1994-01-19	1.0	4.4	9.0	0.6
1994-01-20	1.0	2.6	10.679	4.0
1994-01-21	1.0	2.0	14.679	5.4
1994-01-22	0.8	0.0	10.679	8.6
1994-01-23	1.6	0.6	17.697	11.8
1994-01-24	2.4	1.0	24.819	11.8
1994-01-25	3.075	2.4	30.317	13.288
1994-01-26	2.675	2.6	35.117	12.288
1994-01-27	2.0	2.049	35.098	10.6
1994-01-28	1.2	1.649	30.498	8.6
1994-01-29	1.725	0.249	26.3	7.612
1994-01-30	1.925	0.049	17.5	8.012
1994-01-31	2.2	0.0	10.7	7.3
1994-02-01	2.35	2.4	6.551	6.324
1994-02-02	1.15	2.4	1.251	4.424
1994-02-03	0.55	2.4	0.651	4.824
1994-02-04	0.15	2.4	0.451	3.824
1994-02-05	0.2	0.4	1.0	4.6
1994-02-06	0.2	0.6	4.4	6.2
1994-02-07	0.2	0.6	4.2	3.8
1994-02-08	2.2	1.0	13.4	4.05
1994-02-09	2.0	0.6	13.2	2.85
1994-02-10	2.0	0.4	10.0	1.05
1994-02-11	2.0	0.4	9.8	0.25
1994-02-12	0.0	0.0	0.6	0.0
1994-02-13	0.0	0.0	0.2	0.0
1994-02-14	0.0	0.0	0.0	0.0
1994-02-15	1.0	0.6	0.0	0.0
1994-02-16	3.0	2.4	3.0	0.4
1994-02-17	3.0	2.4	3.4	1.2
1994-02-18	3.0	2.4	3.4	1.2
1994-02-19	2.0	1.8	3.4	1.2
1994-02-20	0.6	0.8	0.4	0.8
1994-02-21	1.4	3.8	0.4	0.4
1994-02-22	1.8	4.4	0.8	0.8
1994-02-23	3.2	5.8	0.8	0.8
1994-02-24	2.8	5.0	0.8	2.2
1994-02-25	2.511	2.363	0.4	5.8
1994-02-26	3.2	2.8	4.7	9.364
1994-02-27	3.2	2.8	14.1	13.203
1994-02-28	3.2	3.0	20.7	15.403
1994-03-01	2.689	2.637	21.1	11.403
1994-03-02	1.6	2.6	25.2	10.839
1994-03-03	0.298	3.8	20.8	9.124
1994-03-04	0.498	3.6	15.4	6.124
1994-03-05	3.298	4.4	19.0	6.3
1994-03-06	3.898	3.4	20.4	2.9
1994-03-07	4.0	0.8	24.337	0.776
1994-03-08	6.0	0.8	29.211	0.176
1994-03-09	3.8	0.0	28.211	1.8
1994-03-10	3.2	0.0	18.011	1.8
1994-03-11	4.8	0.0	16.874	2.733
1994-03-12	6.0	0.0	17.2	5.4
1994-03-13	9.0	0.0	19.2	7.2
1994-03-14	11.2	0.0	28.0	9.7
1994-03-15	9.8	0.0	22.2	10.167
1994-03-16	6.6	3.2	21.4	13.3
1994-03-17	3.4	3.2	19.0	12.3
1994-03-18	1.8	4.2	18.2	14.0
1994-03-19	1.8	4.2	16.4	12.6
1994-03-20	1.6	1.0	10.8	7.0
1994-03-21	1.2	1.0	8.2	4.4
1994-03-22	1.0	0.0	5.2	0.217
1994-03-23	0.9	0.6	7.5	0.296
1994-03-24	0.9	0.6	7.5	0.296
1994-03-25	3.1	0.6	7.5	4.896
1994-03-26	2.7	0.6	2.5	4.879
1994-03-27	4.6	0.2	7.4	5.419
1994-03-28	5.2	0.2	9.2	7.019
1994-03-29	3.6	0.2	9.2	5.619
1994-03-30	6.2	1.8	13.8	9.319
1994-03-31	5.978	3.637	10.976	11.648
1994-04-01	6.0	5.837	13.685	11.4
1994-04-02	5.6	5.837	18.085	9.0
1994-04-03	5.2	4.637	17.253	6.1
1994-04-04	6.622	2.8	15.876	3.952
1994-04-05	8.4	2.0	21.968	2.9
1994-04-06	8.2	2.0	17.568	2.3
1994-04-07	6.415	4.8	25.0	2.789
1994-04-08	4.2	7.0	29.3	5.3
1994-04-09	3.2	5.6	22.5	9.2
1994-04-10	3.2	6.0	28.3	9.0
1994-04-11	2.785	2.8	17.3	7.911
1994-04-12	4.8	0.4	11.2	6.2
1994-04-13	3.2	0.4	7.4	1.8
1994-04-14	3.2	0.0	1.6	1.8
1994-04-15	3.4	0.0	1.6	1.6
1994-04-16	0.4	0.0	0.2	0.0
1994-04-17	0.4	0.0	0.4	0.2
1994-04-18	0.4	0.0	0.8	0.2
1994-04-19	0.2	0.0	2.2	0.4
1994-04-20	3.8	2.0	8.0	1.475
1994-04-21	4.8	3.4	11.6	3.075
1994-04-22	7.0	4.2	14.6	4.564
1994-04-23	8.1	4.477	14.752	5.275
1994-04-24	4.3	2.477	9.352	4.8
1994-04-25	5.9	3.877	12.952	8.0
1994-04-26	4.5	3.077	12.152	8.111
1994-04-27	4.2	2.8	12.2	9.0
1994-04-28	5.2	2.8	12.2	14.2
1994-04-29	2.6	0.0	4.8	9.2
1994-04-30	1.8	0.0	2.2	7.6
1994-05-01	1.0	0.0	0.4	6.2
1994-05-02	0.2	0.0	0.0	0.4
1994-05-03	0.8	0.0	0.8	1.2
1994-05-04	1.4	0.0	4.079	3.752
1994-05-05	3.4	1.6	9.279	7.152
1994-05-06	3.6	1.6	10.279	7.552
1994-05-07	3.4	3.4	10.879	7.352
1994-05-08	2.8	3.4	7.6	4.8
1994-05-09	0.8	1.8	3.0	1.0
1994-05-10	0.4	1.8	2.0	0.6
1994-05-11	0.0	0.0	0.6	0.0
1994-05-12	0.0	0.0	0.6	0.0
1994-05-13	0.0	0.0	0.0	0.0
1994-05-14	0.0	0.0	0.0	0.0
1994-05-15	0.0	0.0	3.6	0.2
1994-05-16	0.0	0.0	3.8	0.6
1994-05-17	0.0	0.0	3.8	0.6
1994-05-18	0.0	0.0	3.8	0.6
1994-05-19	0.0	0.0	0.2	0.4
1994-05-20	0.0	0.0	0.0	0.0
1994-05-21	2.2	1.2	0.8	0.0
1994-05-22	3.3	2.1	2.2	0.4
1994-05-23	3.3	2.5	2.4	0.4
1994-05-24	3.3	2.5	2.4	0.4
1994-05-25	1.1	1.3	1.6	0.4
1994-05-26	0.0	0.4	0.2	0.0
1994-05-27	0.0	0.0	0.0	0.0
1994-05-28	0.0	0.0	0.0	0.0
1994-05-29	0.0	0.0	0.0	0.0
1994-05-30	0.0	0.0	0.0	0.0
1994-05-31	0.0	0.0	0.0	0.0
1994-06-01	1.2	2.0	3.6	2.6
1994-06-02	1.4	3.8	5.8	3.0
1994-06-03	2.3	6.0	8.1	3.247
1994-06-04	3.9	7.6	10.5	3.447
1994-06-05	2.9	6.2	7.3	1.047
1994-06-06	2.7	4.4	9.3	3.047
1994-06-07	1.8	2.2	7.0	2.8
1994-06-08	0.2	0.6	5.4	3.2
1994-06-09	0.6	0.0	14.4	5.0
1994-06-10	0.6	0.0	10.2	2.6
1994-06-11	0.6	0.0	10.2	2.6
1994-06-12	0.6	0.0	9.4	2.0
1994-06-13	0.0	0.0	0.0	0.0
1994-06-14	0.0	0.0	0.0	0.0
1994-06-15	0.0	0.0	0.0	0.0
1994-06-16	0.4	0.8	1.6	0.8
1994-06-17	0.4	0.8	1.8	0.8
1994-06-18	0.8	0.8	3.4	2.8
1994-06-19	1.2	0.8	4.9	6.6
1994-06-20	0.8	0.0	4.7	5.8
1994-06-21	3.2	2.0	6.0	5.9
1994-06-22	2.8	2.0	6.0	4.1
1994-06-23	2.4	2.0	5.6	0.3
1994-06-24	4.6	2.0	12.8	3.7
1994-06-25	2.2	0.0	11.3	3.6
1994-06-26	2.2	0.0	10.7	7.4
1994-06-27	2.2	0.0	11.2	9.6
1994-06-28	0.0	0.0	2.6	6.2
1994-06-29	0.0	0.0	4.6	7.4
1994-06-30	0.0	0.0	3.6	3.6
1994-07-01	0.0	0.0	2.2	1.8
1994-07-02	0.0	0.0	2.2	1.8
1994-07-03	0.0	0.0	0.2	0.6
1994-07-04	0.2	0.0	1.8	1.2
1994-07-05	0.2	0.0	3.2	1.2
1994-07-06	2.8	0.2	4.0	3.6
1994-07-07	2.8	0.2	4.0	3.6
1994-07-08	2.6	0.2	2.4	2.8
1994-07-09	2.6	0.2	1.0	2.4
1994-07-10	0.0	0.0	0.2	1.2
1994-07-11	0.0	0.0	0.4	2.8
1994-07-12	0.0	0.8	0.4	3.0
1994-07-13	0.0	0.8	0.2	3.0
1994-07-14	0.0	1.0	0.2	2.0
1994-07-15	0.0	1.6	0.6	0.6
1994-07-16	0.0	0.8	0.6	0.4
1994-07-17	0.0	0.8	0.6	0.4
1994-07-18	0.0	0.6	0.6	0.2
1994-07-19	0.0	0.0	0.0	0.0
1994-07-20	0.0	0.0	0.0	0.0
1994-07-21	0.4	1.2	1.0	0.4
1994-07-22	0.4	1.2	1.0	0.6
1994-07-23	0.4	1.2	1.0	0.6
1994-07-24	0.4	1.2	1.0	5.2
1994-07-25	0.0	0.0	0.0	4.8
1994-07-26	0.4	0.8	3.2	9.0
1994-07-27	2.0	1.2	10.2	13.0
1994-07-28	2.0	1.2	10.2	8.4
1994-07-29	2.0	1.2	10.2	8.4
1994-07-30	3.3	2.1	7.4	6.6
1994-07-31	2.1	5.1	0.4	4.6
1994-08-01	2.9	5.3	0.4	6.4
1994-08-02	2.9	5.3	0.4	6.8
1994-08-03	2.9	4.0	0.0	4.7
1994-08-04	5.9	0.8	0.0	3.3
1994-08-05	6.1	0.6	1.4	1.9
1994-08-06	6.1	0.6	1.4	1.5
1994-08-07	4.4	0.2	1.4	1.0
1994-08-08	1.0	0.0	1.6	0.6
1994-08-09	0.0	0.0	0.2	0.2
1994-08-10	2.2	0.4	0.4	0.2
1994-08-11	3.4	2.2	0.8	0.2
1994-08-12	3.4	2.2	0.6	0.0
1994-08-13	3.4	2.2	0.6	0.0
1994-08-14	1.2	1.8	0.4	0.0
1994-08-15	0.0	0.0	0.0	0.0
1994-08-16	0.4	0.0	2.0	2.2
1994-08-17	3.8	0.0	3.2	3.6
1994-08-18	3.8	0.0	3.6	4.2
1994-08-19	3.8	0.0	5.4	6.0
1994-08-20	3.4	0.0	3.4	3.8
1994-08-21	0.0	0.0	2.2	2.8
1994-08-22	0.0	0.0	2.0	2.2
1994-08-23	2.6	2.8	11.5	1.464
1994-08-24	5.15	3.6	22.5	4.659
1994-08-25	7.55	4.017	32.104	9.059
1994-08-26	8.95	4.217	39.304	14.459
1994-08-27	6.95	1.417	32.465	16.795
1994-08-28	5.2	0.617	23.865	15.2
1994-08-29	2.8	0.2	16.461	10.6
1994-08-30	3.2	0.0	11.261	6.0
1994-08-31	6.2	0.0	17.0	7.4
1994-09-01	8.6	0.0	15.8	8.2
1994-09-02	8.6	0.0	13.8	8.0
1994-09-03	8.0	0.6	17.8	10.0
1994-09-04	5.4	0.8	12.2	8.2
1994-09-05	2.2	0.8	11.4	6.2
1994-09-06	3.4	0.903	20.0	11.8
1994-09-07	2.4	0.703	15.2	10.4
1994-09-08	3.6	2.503	13.6	9.6
1994-09-09	6.6	4.303	24.2	13.6
1994-09-10	8.275	6.8	25.1	12.4
1994-09-11	10.675	6.8	29.5	14.979
1994-09-12	10.532	5.3	29.736	15.804
1994-09-13	8.932	4.1	20.736	13.404
1994-09-14	6.859	2.033	13.636	10.004
1994-09-15	4.504	2.01	9.315	9.025
1994-09-16	2.447	1.71	6.279	6.8
1994-09-17	1.047	1.11	4.279	4.8
1994-09-18	0.245	0.577	1.679	3.8
1994-09-19	1.6	1.6	3.8	2.4
1994-09-20	5.4	3.6	7.6	3.4
1994-09-21	6.6	3.6	7.6	3.4
1994-09-22	6.6	3.6	7.8	3.4
1994-09-23	5.0	2.2	4.4	1.8
1994-09-24	3.6	2.4	5.4	4.0
1994-09-25	3.6	3.6	16.2	6.0
1994-09-26	3.6	3.6	16.2	6.0
1994-09-27	3.6	3.6	16.8	6.2
1994-09-28	1.2	1.2	12.4	2.4
1994-09-29	0.0	0.0	2.6	0.6
1994-09-30	0.0	0.2	3.2	0.6
1994-10-01	1.4	1.4	13.4	4.6
1994-10-02	4.6	2.289	20.476	7.638
1994-10-03	7.4	2.6	22.276	9.038
1994-10-04	7.4	2.4	21.676	9.238
1994-10-05	6.0	1.2	10.676	5.038
1994-10-06	2.8	0.311	3.0	1.8
1994-10-07	0.0	0.0	4.0	2.0
1994-10-08	0.0	0.0	5.6	2.8
1994-10-09	0.0	0.0	5.8	2.8
1994-10-10	0.0	0.0	6.0	2.8
1994-10-11	0.0	0.0	2.4	1.2
1994-10-12	0.0	0.0	0.6	0.4
1994-10-13	0.0	0.0	0.6	0.4
1994-10-14	0.0	0.0	0.4	0.4
1994-10-15	0.4	0.8	0.6	1.0
1994-10-16	1.4	2.0	1.6	1.8
1994-10-17	1.4	2.0	1.4	1.8
1994-10-18	1.4	2.0	1.4	1.8
1994-10-19	3.2	4.6	2.6	3.6
1994-10-20	4.4	5.234	6.6	5.0
1994-10-21	6.6	5.434	10.8	6.0
1994-10-22	8.23	5.522	15.674	10.2
1994-10-23	6.6	2.143	20.2	10.818
1994-10-24	4.4	0.309	22.0	10.418
1994-10-25	5.8	0.109	22.0	11.0
1994-10-26	4.17	0.022	18.726	8.2
1994-10-27	3.8	0.0	22.6	6.582
1994-10-28	4.4	0.0	23.2	6.382
1994-10-29	0.8	0.4	20.6	5.6
1994-10-30	4.4	2.2	26.4	7.4
1994-10-31	7.4	2.2	21.259	7.581
1994-11-01	7.0	2.2	15.259	5.981
1994-11-02	7.0	1.8	13.659	5.181
1994-11-03	3.6	1.6	16.459	2.081
1994-11-04	0.8	4.8	12.6	0.5
1994-11-05	0.8	6.4	11.437	0.4
1994-11-06	0.8	6.4	11.437	0.4
1994-11-07	0.6	4.8	2.837	0.3
1994-11-08	2.0	1.8	12.237	2.1
1994-11-09	5.6	1.2	17.6	6.0
1994-11-10	6.2	1.2	18.4	7.6
1994-11-11	6.8	1.2	17.8	8.4
1994-11-12	5.635	1.213	9.383	7.856
1994-11-13	2.581	0.813	7.534	6.756
1994-11-14	2.919	1.813	12.178	9.5
1994-11-15	3.54	2.013	17.378	13.7
1994-11-16	4.505	2.2	19.195	17.044
1994-11-17	6.959	1.6	26.844	19.344
1994-11-18	9.221	0.7	29.0	18.6
1994-11-19	11.2	0.7	31.0	19.0
1994-11-20	11.4	0.4	31.3	19.0
1994-11-21	8.2	0.4	19.9	13.8
1994-11-22	5.0	0.3	12.5	10.8
1994-11-23	2.6	0.1	4.9	6.0
1994-11-24	0.8	0.0	1.2	1.4
1994-11-25	0.8	0.0	2.4	1.4
1994-11-26	0.8	0.0	7.6	1.0
1994-11-27	0.0	0.0	7.2	0.4
1994-11-28	0.0	0.0	6.8	0.2
1994-11-29	0.0	0.0	5.8	0.2
1994-11-30	0.0	0.0	0.4	0.0
1994-12-01	0.0	0.0	0.4	0.0
1994-12-02	0.0	0.0	0.6	0.0
1994-12-03	0.674	0.0	4.4	0.985
1994-12-04	2.6	0.0	11.788	3.8
1994-12-05	5.2	0.0	20.788	7.6
1994-12-06	5.6	0.0	26.188	9.0
1994-12-07	8.526	0.0	30.188	9.439
1994-12-08	9.0	0.0	26.8	8.116
1994-12-09	7.6	0.0	17.6	5.916
1994-12-10	10.0	1.8	12.29	7.157
1994-12-11	8.343	1.8	5.49	10.176
1994-12-12	6.743	1.8	11.09	14.084
1994-12-13	5.8	1.8	20.69	17.884
1994-12-14	3.0	0.0	20.4	15.243
1994-12-15	1.257	0.0	22.2	12.6
1994-12-16	0.457	0.0	13.2	7.4
1994-12-17	0.304	1.0	13.9	4.7
1994-12-18	0.6	3.0	18.3	9.9
1994-12-19	0.8	3.4	17.3	8.9
1994-12-20	0.8	3.4	16.7	8.7
1994-12-21	0.696	2.4	6.4	6.0
1994-12-22	0.4	0.4	2.2	0.8
1994-12-23	0.0	0.0	0.2	0.0
1994-12-24	0.0	0.0	2.8	1.6
1994-12-25	1.2	0.2	9.6	6.2
1994-12-26	3.788	0.755	16.058	10.502
1994-12-27	7.188	1.775	22.281	14.04
1994-12-28	9.888	3.202	25.157	14.946
1994-12-29	10.688	4.602	22.757	11.746
1994-12-30	10.1	4.047	16.098	7.444
1994-12-31	8.3	3.027	9.875	3.906
1995-01-01	5.8	1.6	5.4	1.8
1995-01-02	3.8	0.0	1.6	0.4
1995-01-03	1.8	0.0	1.6	0.4
1995-01-04	1.2	0.2	8.8	2.0
1995-01-05	2.8	0.3	11.4	2.4
1995-01-06	2.8	0.3	10.8	2.4
1995-01-07	2.8	0.3	18.8	3.4
1995-01-08	3.0	0.1	16.4	4.8
1995-01-09	2.8	0.0	15.352	6.222
1995-01-10	3.6	0.0	16.094	7.0
1995-01-11	3.6	0.0	8.094	6.0
1995-01-12	2.4	0.0	3.294	3.8
1995-01-13	0.8	0.0	8.542	3.778
1995-01-14	1.0	0.0	10.8	7.2
1995-01-15	1.0	0.0	11.8	9.6
1995-01-16	2.6	3.0	14.8	13.2
1995-01-17	3.7	4.5	17.0	14.4
1995-01-18	3.3	4.5	14.2	10.6
1995-01-19	3.9	6.2	16.2	11.4
1995-01-20	2.9	6.6	17.6	11.2
1995-01-21	2.4	7.75	11.5	12.15
1995-01-22	2.4	9.15	14.7	16.15
1995-01-23	2.3	7.85	23.1	15.75
1995-01-24	2.1	4.45	21.7	12.75
1995-01-25	2.369	1.8	17.8	10.0
1995-01-26	3.669	0.4	19.2	9.4
1995-01-27	6.1	0.0	7.8	9.89
1995-01-28	9.1	0.0	14.5	10.847
1995-01-29	9.831	0.0	21.1	10.247
1995-01-30	7.931	0.0	16.3	6.447
1995-01-31	5.4	0.0	16.7	3.858
1995-02-01	2.8	0.0	7.8	3.1
1995-02-02	1.2	0.0	1.2	2.3
1995-02-03	2.8	0.0	3.4	6.7
1995-02-04	2.4	0.0	3.2	6.2
1995-02-05	1.6	0.0	3.0	5.4
1995-02-06	1.6	0.0	4.2	5.4
1995-02-07	1.0	2.4	8.8	3.6
1995-02-08	1.6	3.0	9.0	5.4
1995-02-09	1.6	3.0	8.4	5.0
1995-02-10	4.8	3.0	7.2	6.8
1995-02-11	6.637	0.6	5.0	7.268
1995-02-12	8.2	0.0	13.8	9.147
1995-02-13	10.0	0.622	20.7	13.147
1995-02-14	10.0	2.022	25.3	15.347
1995-02-15	10.363	3.7	28.3	16.479
1995-02-16	11.4	5.5	29.9	17.1
1995-02-17	11.8	4.878	32.452	17.7
1995-02-18	10.688	3.478	34.8	17.4
1995-02-19	9.487	2.0	32.8	16.2
1995-02-20	7.95	0.4	31.0	15.3
1995-02-21	7.15	0.4	26.748	14.7
1995-02-22	7.462	0.6	24.596	14.297
1995-02-23	8.862	0.8	23.396	13.497
1995-02-24	7.2	0.6	15.596	10.697
1995-02-25	5.8	0.6	10.796	6.497
1995-02-26	3.4	0.4	6.0	3.0
1995-02-27	0.6	0.0	2.12	3.0
1995-02-28	1.2	0.0	2.658	6.471
1995-03-01	1.8	0.0	5.395	11.871
1995-03-02	2.4	0.0	9.595	15.471
1995-03-03	1.8	0.0	13.874	13.671
1995-03-04	4.8	1.4	13.136	11.4
1995-03-05	6.1	1.8	14.7	11.4
1995-03-06	5.7	1.8	12.7	8.0
1995-03-07	7.3	3.4	11.3	9.2
1995-03-08	4.9	3.0	16.1	11.6
1995-03-09	3.4	2.6	13.8	7.2
1995-03-10	3.2	2.6	11.6	7.0
1995-03-11	3.4	1.0	18.8	9.6
1995-03-12	2.2	0.0	13.0	5.2
1995-03-13	1.8	0.0	10.6	4.2
1995-03-14	2.8	1.8	13.4	4.6
1995-03-15	1.2	1.8	5.0	2.2
1995-03-16	4.0	1.8	11.6	5.8
1995-03-17	7.527	1.8	21.2	8.716
1995-03-18	10.327	0.0	21.2	9.916
1995-03-19	10.127	0.0	22.0	8.116
1995-03-20	7.327	0.0	15.4	4.516
1995-03-21	3.8	0.0	5.8	1.6
1995-03-22	0.0	0.0	3.0	0.0
1995-03-23	0.0	0.0	0.2	0.2
1995-03-24	3.4	0.0	10.8	3.185
1995-03-25	6.093	0.2	18.807	8.785
1995-03-26	7.413	0.864	22.0	11.885
1995-03-27	7.813	1.864	22.4	12.285
1995-03-28	4.533	2.364	19.2	11.3
1995-03-29	1.84	2.164	11.393	5.7
1995-03-30	3.32	1.5	11.2	3.8
1995-03-31	3.72	0.5	16.424	6.4
1995-04-01	3.6	0.0	16.424	5.6
1995-04-02	3.6	0.0	16.224	5.6
1995-04-03	0.8	0.0	14.024	4.6
1995-04-04	0.6	1.8	9.4	4.2
1995-04-05	0.6	1.8	2.6	3.6
1995-04-06	0.6	1.8	2.8	3.6
1995-04-07	0.6	1.8	2.4	3.4
1995-04-08	0.0	0.0	1.2	0.6
1995-04-09	0.2	0.6	0.8	0.6
1995-04-10	0.2	0.6	0.8	0.6
1995-04-11	0.2	0.6	0.4	0.6
1995-04-12	0.2	0.6	0.4	0.6
1995-04-13	0.0	0.0	0.2	0.0
1995-04-14	0.0	0.0	0.0	0.0
1995-04-15	0.0	0.0	0.0	0.2
1995-04-16	0.0	0.0	0.0	0.2
1995-04-17	2.4	0.6	0.63	4.4
1995-04-18	5.2	3.8	2.63	6.2
1995-04-19	5.2	4.2	7.03	8.8
1995-04-20	5.2	4.471	7.63	9.2
1995-04-21	2.8	4.071	8.8	5.8
1995-04-22	0.0	0.946	13.6	8.0
1995-04-23	0.0	0.546	9.2	5.2
1995-04-24	2.2	0.275	11.2	6.4
1995-04-25	2.2	0.075	9.4	5.6
1995-04-26	2.2	0.0	2.6	1.6
1995-04-27	2.2	0.0	2.6	1.6
1995-04-28	0.0	0.0	0.0	0.0
1995-04-29	0.0	0.0	0.0	0.0
1995-04-30	0.0	0.0	0.0	0.0
1995-05-01	0.0	0.0	0.0	1.0
1995-05-02	0.0	0.0	0.0	1.0
1995-05-03	0.0	0.0	1.0	1.0
1995-05-04	0.0	0.0	1.0	1.0
1995-05-05	0.0	0.0	1.0	0.0
1995-05-06	0.0	0.0	1.0	0.0
1995-05-07	0.0	0.0	0.0	0.0
1995-05-08	2.8	1.8	0.0	1.2
1995-05-09	3.0	2.4	0.0	1.2
1995-05-10	4.0	4.0	0.0	1.2
1995-05-11	4.0	4.4	0.0	1.2
1995-05-12	1.2	2.6	0.0	0.0
1995-05-13	1.0	2.0	0.2	0.0
1995-05-14	2.0	1.4	9.6	1.0
1995-05-15	2.0	1.0	9.6	1.2
1995-05-16	5.8	3.2	16.6	5.6
1995-05-17	9.2	4.3	22.0	9.0
1995-05-18	7.8	3.3	15.6	11.2
1995-05-19	8.2	3.3	15.8	11.0
1995-05-20	4.4	1.1	10.4	7.4
1995-05-21	1.0	0.0	4.8	4.0
1995-05-22	0.4	0.0	2.2	1.0
1995-05-23	0.0	0.0	2.0	1.0
1995-05-24	0.1	0.6	9.8	0.265
1995-05-25	0.3	1.8	9.8	0.465
1995-05-26	0.5	1.8	12.8	0.665
1995-05-27	0.851	3.4	17.77	2.647
1995-05-28	1.551	4.4	14.77	5.981
1995-05-29	4.951	4.8	23.57	8.381
1995-05-30	4.751	4.8	20.17	8.781
1995-05-31	4.4	3.2	15.2	6.8
1995-06-01	3.6	2.2	10.4	4.4
1995-06-02	0.4	1.8	1.8	2.2
1995-06-03	1.6	2.8	11.4	6.2
1995-06-04	4.0	3.232	13.2	7.6
1995-06-05	4.0	2.632	12.6	6.6
1995-06-06	4.0	1.632	14.4	7.0
1995-06-07	4.4	2.232	5.4	2.2
1995-06-08	2.2	1.8	3.6	0.8
1995-06-09	2.2	1.8	2.6	0.8
1995-06-10	2.2	1.8	0.8	0.0
1995-06-11	1.0	1.4	0.2	0.0
1995-06-12	1.8	2.2	0.2	0.2
1995-06-13	1.8	2.4	0.2	0.2
1995-06-14	1.4	2.2	0.2	0.2
1995-06-15	1.0	1.0	0.2	0.2
1995-06-16	0.8	2.2	1.4	0.8
1995-06-17	1.2	2.8	7.8	3.8
1995-06-18	1.2	2.8	7.6	3.8
1995-06-19	1.8	2.8	12.2	9.4
1995-06-20	1.2	0.8	12.2	11.0
1995-06-21	0.8	0.0	5.8	8.0
1995-06-22	0.8	0.0	5.8	8.0
1995-06-23	0.2	0.0	1.2	2.4
1995-06-24	0.0	0.0	0.0	0.0
1995-06-25	0.0	0.0	0.0	0.0
1995-06-26	0.0	0.0	0.0	0.0
1995-06-27	0.0	0.0	0.0	0.0
1995-06-28	0.0	0.0	0.0	0.0
1995-06-29	0.0	0.0	0.0	0.0
1995-06-30	0.0	0.0	0.0	0.0
1995-07-01	0.0	0.0	0.0	0.0
1995-07-02	0.0	0.0	0.0	0.0
1995-07-03	0.0	0.0	1.2	0.0
1995-07-04	0.0	0.0	2.6	0.0
1995-07-05	0.0	0.2	2.6	0.0
1995-07-06	0.0	0.2	3.2	1.2
1995-07-07	0.8	0.2	5.0	4.2
1995-07-08	0.8	0.2	3.6	4.2
1995-07-09	0.8	0.0	3.6	4.2
1995-07-10	0.8	0.0	3.0	3.0
1995-07-11	0.8	0.0	0.0	0.0
1995-07-12	0.8	0.0	0.0	0.0
1995-07-13	0.8	3.4	0.0	0.0
1995-07-14	1.2	6.1	0.0	0.0
1995-07-15	0.6	6.9	0.0	0.2
1995-07-16	0.6	6.9	0.0	0.4
1995-07-17	4.4	3.6	2.8	0.6
1995-07-18	4.6	1.1	5.025	0.8
1995-07-19	4.4	0.3	6.225	0.8
1995-07-20	4.6	0.3	6.425	1.0
1995-07-21	1.4	1.6	7.025	2.0
1995-07-22	0.8	1.4	4.8	1.8
1995-07-23	1.2	1.4	5.6	2.6
1995-07-24	1.0	1.4	6.4	2.2
1995-07-25	0.4	0.0	3.0	1.0
1995-07-26	0.6	0.4	3.0	1.0
1995-07-27	0.2	0.4	1.0	0.0
1995-07-28	0.2	0.4	0.0	0.0
1995-07-29	0.2	0.4	0.0	0.0
1995-07-30	0.0	0.0	2.2	2.4
1995-07-31	0.0	0.0	2.2	2.6
1995-08-01	0.0	0.0	2.2	2.6
1995-08-02	0.0	0.0	2.2	2.6
1995-08-03	0.0	0.0	1.0	0.2
1995-08-04	0.0	0.0	1.0	0.0
1995-08-05	0.0	0.0	1.0	0.0
1995-08-06	0.0	0.0	1.0	0.0
1995-08-07	0.0	0.0	0.0	0.0
1995-08-08	0.0	0.0	0.0	0.0
1995-08-09	0.0	0.0	0.0	0.0
1995-08-10	0.0	0.0	0.0	0.0
1995-08-11	0.0	0.0	0.0	0.0
1995-08-12	0.8	2.2	10.8	1.6
1995-08-13	0.8	2.2	10.8	1.6
1995-08-14	0.8	2.2	10.8	1.6
1995-08-15	0.8	2.2	10.8	1.6
1995-08-16	0.0	0.0	0.2	0.0
1995-08-17	0.0	0.0	0.2	0.0
1995-08-18	0.0	0.0	0.2	0.0
1995-08-19	0.0	0.0	0.2	0.0
1995-08-20	0.0	0.0	0.0	0.0
1995-08-21	0.0	0.0	0.0	0.0
1995-08-22	0.0	0.0	0.0	0.0
1995-08-23	0.6	0.0	0.6	0.6
1995-08-24	0.8	0.0	8.0	2.4
1995-08-25	1.0	0.2	8.0	2.6
1995-08-26	1.4	0.4	10.8	3.4
1995-08-27	0.8	0.4	12.2	4.2
1995-08-28	0.6	0.4	4.8	2.4
1995-08-29	0.6	0.2	6.0	3.2
1995-08-30	0.2	0.0	3.2	2.4
1995-08-31	0.2	0.0	1.2	1.0
1995-09-01	0.4	0.0	1.4	1.0
1995-09-02	0.2	2.8	4.4	1.0
1995-09-03	0.2	4.2	7.6	2.8
1995-09-04	0.2	4.2	8.8	2.8
1995-09-05	0.2	4.2	8.6	3.4
1995-09-06	1.4	2.2	5.2	2.6
1995-09-07	2.6	2.198	2.559	1.1
1995-09-08	3.8	4.144	1.559	1.5
1995-09-09	3.6	6.489	1.559	0.9
1995-09-10	3.1	8.189	1.459	0.752
1995-09-11	3.3	8.041	2.3	0.6
1995-09-12	3.5	6.095	2.5	0.4
1995-09-13	3.5	3.75	4.3	0.4
1995-09-14	2.8	1.25	3.6	0.348
1995-09-15	1.4	0.0	2.2	0.2
1995-09-16	0.0	0.0	1.8	0.0
1995-09-17	0.6	2.4	2.9	0.0
1995-09-18	0.6	2.4	2.9	1.0
1995-09-19	0.8	2.4	2.9	1.0
1995-09-20	0.8	2.4	2.9	1.0
1995-09-21	0.2	0.0	0.0	1.0
1995-09-22	0.6	0.0	0.6	0.4
1995-09-23	0.8	0.0	2.2	4.2
1995-09-24	1.3	3.0	13.0	7.903
1995-09-25	1.9	4.0	23.2	11.303
1995-09-26	1.5	4.0	27.2	11.503
1995-09-27	3.9	4.4	36.2	9.903
1995-09-28	3.4	1.4	29.2	6.8
1995-09-29	2.8	0.4	19.2	3.4
1995-09-30	3.2	0.4	19.6	4.6
1995-10-01	1.4	0.6	12.6	6.4
1995-10-02	2.8	2.2	10.4	6.8
1995-10-03	4.4	2.6	17.6	8.9
1995-10-04	5.6	5.6	16.4	10.3
1995-10-05	4.8	5.0	20.1	8.7
1995-10-06	4.0	5.0	25.006	10.6
1995-10-07	3.4	4.6	22.206	11.9
1995-10-08	2.0	1.6	18.406	8.7
1995-10-09	2.8	1.6	11.106	6.5
1995-10-10	2.6	0.0	4.6	3.6
1995-10-11	1.6	0.0	0.2	0.2
1995-10-12	1.4	0.0	1.2	0.4
1995-10-13	0.4	0.0	1.2	0.2
1995-10-14	0.0	0.0	1.2	0.2
1995-10-15	0.0	0.0	3.2	2.2
1995-10-16	0.0	0.0	2.2	2.2
1995-10-17	3.4	1.0	10.2	2.247
1995-10-18	3.6	1.0	10.2	2.247
1995-10-19	4.0	1.0	12.8	1.047
1995-10-20	4.2	1.6	14.4	1.047
1995-10-21	0.8	0.6	6.4	1.0
1995-10-22	0.6	0.6	6.4	3.4
1995-10-23	0.2	0.6	1.6	2.8
1995-10-24	3.0	0.0	4.4	2.6
1995-10-25	3.4	0.0	7.2	2.6
1995-10-26	3.8	0.0	11.4	0.2
1995-10-27	4.0	0.6	15.6	0.0
1995-10-28	1.0	0.6	11.4	0.0
1995-10-29	0.6	0.6	8.8	0.0
1995-10-30	0.2	0.6	4.8	0.0
1995-10-31	0.4	0.6	0.6	3.4
1995-11-01	0.4	0.6	0.4	3.4
1995-11-02	0.4	0.6	0.2	3.4
1995-11-03	0.4	0.6	0.0	3.4
1995-11-04	0.0	0.0	0.0	0.0
1995-11-05	0.0	0.0	0.0	0.0
1995-11-06	0.0	0.4	0.0	0.0
1995-11-07	0.0	3.2	0.0	0.2
1995-11-08	0.4	5.636	0.0	1.0
1995-11-09	0.8	7.436	0.0	1.4
1995-11-10	4.0	8.128	0.0	3.8
1995-11-11	5.6	5.674	0.0	4.8
1995-11-12	5.2	3.239	0.0	4.0
1995-11-13	4.8	1.439	0.0	3.6
1995-11-14	1.6	0.346	0.0	2.4
1995-11-15	0.052	0.0	0.0	2.693
1995-11-16	0.2	0.0	0.0	4.293
1995-11-17	0.4	0.0	0.0	4.293
1995-11-18	0.4	0.0	0.0	3.093
1995-11-19	0.348	0.0	0.0	1.6
1995-11-20	0.4	0.0	0.0	0.0
1995-11-21	4.0	2.4	0.0	5.2
1995-11-22	4.8	2.4	0.0	6.6
1995-11-23	6.8	2.4	0.0	9.8
1995-11-24	7.9	2.505	0.0	11.942
1995-11-25	4.7	0.505	0.0	7.542
1995-11-26	5.5	2.305	0.0	6.542
1995-11-27	5.1	3.105	0.0	4.142
1995-11-28	5.0	3.0	1.4	2.6
1995-11-29	4.6	2.8	2.2	2.0
1995-11-30	3.0	1.0	2.2	1.6
1995-12-01	1.6	0.2	2.6	0.8
1995-12-02	1.0	0.6	2.2	0.6
1995-12-03	3.6	2.448	9.0	3.0
1995-12-04	5.6	5.848	10.8	5.8
1995-12-05	5.8	7.048	10.4	5.8
1995-12-06	8.4	10.048	9.6	9.4
1995-12-07	6.2	8.2	2.2	7.8
1995-12-08	4.2	6.0	0.6	6.0
1995-12-09	6.8	4.8	6.0	6.4
1995-12-10	3.6	1.4	6.4	2.4
1995-12-11	3.2	1.2	6.2	1.4
1995-12-12	3.6	0.0	6.2	0.4
1995-12-13	2.4	2.0	1.0	0.0
1995-12-14	4.8	4.6	1.0	0.2
1995-12-15	5.0	4.6	1.8	0.6
1995-12-16	5.0	4.8	1.6	0.6
1995-12-17	3.2	2.8	1.4	0.6
1995-12-18	0.8	0.2	0.8	0.6
1995-12-19	0.6	1.0	0.0	0.8
1995-12-20	0.2	0.8	0.0	0.8
1995-12-21	0.2	1.0	0.0	1.4
1995-12-22	1.3	1.377	0.2	1.7
1995-12-23	3.3	1.11	0.6	1.5
1995-12-24	3.3	1.71	0.6	2.5
1995-12-25	3.3	1.51	0.6	1.9
1995-12-26	2.2	1.133	0.6	1.4
1995-12-27	0.0	0.6	0.4	1.0
1995-12-28	0.0	0.0	0.4	0.0
1995-12-29	0.0	0.0	0.4	0.0
1995-12-30	0.0	0.0	0.2	0.0
1995-12-31	0.0	1.8	0.6	0.0
1996-01-01	1.0	2.4	4.8	2.0
1996-01-02	3.0	2.4	4.8	2.2
1996-01-03	3.2	2.4	4.8	2.2
1996-01-04	6.0	2.0	8.2	4.2
1996-01-05	7.0	2.6	11.0	6.8
1996-01-06	7.0	3.8	12.2	7.2
1996-01-07	8.333	6.0	17.6	11.4
1996-01-08	6.2	6.288	17.452	11.6
1996-01-09	4.4	5.888	12.252	7.2
1996-01-10	2.6	4.688	11.9	6.8
1996-01-11	2.167	5.488	6.9	5.2
1996-01-12	3.5	4.2	6.048	4.6
1996-01-13	4.629	6.4	13.848	5.163
1996-01-14	4.829	6.4	19.0	5.163
1996-01-15	3.729	3.4	18.6	2.563
1996-01-16	1.929	3.0	15.6	0.963
1996-01-17	0.6	0.0	6.4	0.2
1996-01-18	0.2	0.0	0.4	0.0
1996-01-19	0.4	0.0	0.4	0.0
1996-01-20	1.0	0.0	1.6	0.8
1996-01-21	1.0	0.0	1.2	0.8
1996-01-22	2.4	0.0	1.4	0.8
1996-01-23	2.2	0.0	1.4	0.8
1996-01-24	1.4	0.0	0.2	0.0
1996-01-25	1.4	0.0	0.2	0.0
1996-01-26	0.0	2.0	0.0	0.0
1996-01-27	0.0	3.0	0.0	0.0
1996-01-28	0.0	3.0	0.0	0.0
1996-01-29	0.0	3.0	0.0	0.0
1996-01-30	0.0	1.0	0.0	0.0
1996-01-31	0.2	0.0	0.0	0.2
1996-02-01	0.2	0.0	0.0	0.6
1996-02-02	0.6	0.0	0.0	1.0
1996-02-03	2.6	2.6	0.0	1.0
1996-02-04	3.2	2.8	0.2	1.0
1996-02-05	3.2	2.8	0.2	0.6
1996-02-06	2.8	4.0	0.2	0.2
1996-02-07	0.8	1.6	0.2	0.2
1996-02-08	0.8	1.8	2.6	0.4
1996-02-09	0.8	2.2	5.6	4.0
1996-02-10	2.6	1.4	10.553	7.012
1996-02-11	6.2	1.2	17.153	9.012
1996-02-12	6.4	0.8	17.853	9.5
1996-02-13	6.4	0.4	14.853	6.1
1996-02-14	4.6	0.0	9.9	3.288
1996-02-15	1.0	0.0	3.3	1.288
1996-02-16	0.0	0.2	0.0	5.6
1996-02-17	0.0	0.2	0.0	9.252
1996-02-18	0.0	0.8	0.0	10.4
1996-02-19	0.0	2.0	0.0	10.4
1996-02-20	0.0	2.8	0.0	5.8
1996-02-21	0.0	5.4	0.0	2.548
1996-02-22	0.0	7.8	0.0	2.8
1996-02-23	0.0	6.8	0.0	8.2
1996-02-24	0.0	6.4	0.0	10.8
1996-02-25	0.0	6.2	0.0	13.8
1996-02-26	0.0	3.2	0.2	13.2
1996-02-27	0.0	3.0	0.2	7.8
1996-02-28	0.0	2.4	0.4	4.6
1996-02-29	0.0	0.0	0.4	1.0
1996-03-01	0.0	0.0	0.2	0.0
1996-03-02	0.0	0.8	0.2	1.2
1996-03-03	0.0	2.2	0.0	1.2
1996-03-04	0.0	2.2	0.4	1.2
1996-03-05	0.0	2.2	1.4	1.2
1996-03-06	0.0	1.4	1.6	0.2
1996-03-07	0.0	0.2	1.8	0.6
1996-03-08	0.0	1.4	1.4	0.6
1996-03-09	0.0	3.2	2.4	2.4
1996-03-10	0.0	3.2	2.2	2.2
1996-03-11	0.0	5.0	7.8	1.8
1996-03-12	0.0	6.0	7.8	1.8
1996-03-13	0.0	4.2	5.8	0.0
1996-03-14	0.0	4.2	5.8	0.2
1996-03-15	0.0	2.2	0.2	0.2
1996-03-16	0.0	0.0	4.2	3.0
1996-03-17	0.0	0.0	9.8	4.8
1996-03-18	0.0	0.0	9.8	4.6
1996-03-19	0.0	0.2	9.6	4.6
1996-03-20	0.0	0.2	5.6	1.8
1996-03-21	0.0	0.6	0.6	0.2
1996-03-22	0.0	3.4	1.2	0.4
1996-03-23	0.0	3.4	2.0	0.4
1996-03-24	0.0	3.4	2.8	0.4
1996-03-25	0.0	3.0	2.2	0.4
1996-03-26	0.0	0.6	1.6	0.4
1996-03-27	0.0	0.4	0.8	0.4
1996-03-28	0.0	0.4	0.0	0.4
1996-03-29	0.0	0.4	0.0	0.2
1996-03-30	0.0	0.0	0.0	0.0
1996-03-31	0.0	0.4	0.0	0.0
1996-04-01	0.0	0.4	0.0	2.2
1996-04-02	0.0	0.4	0.0	2.4
1996-04-03	0.0	1.4	1.0	2.4
1996-04-04	0.0	1.0	1.0	2.4
1996-04-05	0.0	1.0	1.0	0.2
1996-04-06	0.0	1.0	1.0	0.0
1996-04-07	0.0	0.0	0.0	0.0
1996-04-08	0.0	0.0	0.4	2.0
1996-04-09	0.0	0.0	0.4	2.0
1996-04-10	2.4	1.4	2.8	3.0
1996-04-11	3.0	1.4	2.8	3.0
1996-04-12	3.8	1.4	3.0	1.2
1996-04-13	3.8	1.4	3.8	1.8
1996-04-14	2.2	0.0	3.0	1.2
1996-04-15	1.6	0.0	3.4	1.4
1996-04-16	1.0	0.4	10.4	5.0
1996-04-17	1.6	0.6	12.6	5.4
1996-04-18	1.0	1.8	12.03	5.27
1996-04-19	1.0	2.0	11.83	5.07
1996-04-20	1.0	2.2	5.03	1.27
1996-04-21	0.4	2.0	2.23	0.47
1996-04-22	0.4	0.8	1.2	0.2
1996-04-23	0.4	0.6	1.716	1.5
1996-04-24	0.2	0.0	3.102	4.1
1996-04-25	0.2	0.1	6.302	4.3
1996-04-26	0.0	0.3	10.302	4.3
1996-04-27	0.0	0.3	12.587	3.0
1996-04-28	0.0	1.7	15.2	0.4
1996-04-29	0.0	1.8	19.2	0.0
1996-04-30	0.0	1.703	22.0	0.0
1996-05-01	0.0	1.744	28.6	4.0
1996-05-02	0.0	0.353	24.0	5.0
1996-05-03	0.0	0.153	18.6	5.0
1996-05-04	0.0	0.05	11.8	5.0
1996-05-05	0.0	0.009	2.2	1.0
1996-05-06	0.0	2.8	2.8	0.0
1996-05-07	0.0	2.8	0.8	0.0
1996-05-08	0.0	3.8	0.8	0.0
1996-05-09	0.2	3.8	0.8	0.2
1996-05-10	3.8	2.3	0.8	0.8
1996-05-11	6.6	4.9	1.2	2.0
1996-05-12	8.8	5.9	1.4	2.2
1996-05-13	8.6	5.9	1.4	2.2
1996-05-14	5.0	4.6	0.6	1.6
1996-05-15	2.2	2.0	0.2	0.4
1996-05-16	0.0	0.2	0.0	0.2
1996-05-17	0.6	0.8	0.2	0.0
1996-05-18	0.6	0.8	0.2	0.0
1996-05-19	2.8	0.8	5.8	1.2
1996-05-20	6.6	0.6	16.4	2.6
1996-05-21	6.0	0.0	16.4	2.6
1996-05-22	8.8	2.2	17.4	4.4
1996-05-23	7.4	2.8	13.6	3.6
1996-05-24	4.0	3.8	4.2	3.0
1996-05-25	4.0	3.8	6.8	3.0
1996-05-26	1.827	3.6	12.887	1.626
1996-05-27	2.427	4.8	21.387	2.626
1996-05-28	3.627	3.8	25.337	5.226
1996-05-29	3.627	3.8	22.537	6.826
1996-05-30	6.8	4.2	18.65	7.6
1996-05-31	5.6	2.6	9.35	6.2
1996-06-01	4.2	2.6	4.4	3.0
1996-06-02	4.2	3.8	8.7	1.4
1996-06-03	1.2	2.0	13.9	0.2
1996-06-04	1.0	2.8	13.9	0.2
1996-06-05	0.8	2.8	13.7	0.0
1996-06-06	1.6	1.6	9.6	0.0
1996-06-07	1.8	1.0	3.4	0.0
1996-06-08	2.0	0.0	2.6	0.0
1996-06-09	2.2	0.0	2.6	0.0
1996-06-10	1.8	0.8	4.2	0.0
1996-06-11	1.8	4.0	13.0	2.0
1996-06-12	1.6	4.0	12.8	2.0
1996-06-13	1.4	4.0	12.8	4.8
1996-06-14	1.0	3.2	11.0	4.8
1996-06-15	0.0	0.0	0.0	2.8
1996-06-16	0.0	0.0	0.0	2.8
1996-06-17	0.0	0.0	0.0	0.0
1996-06-18	0.0	0.0	0.0	0.0
1996-06-19	0.0	0.0	1.0	0.0
1996-06-20	0.0	0.0	1.0	0.0
1996-06-21	0.0	0.0	1.0	0.0
1996-06-22	0.0	0.0	1.0	0.0
1996-06-23	0.0	0.0	0.0	0.0
1996-06-24	0.0	0.0	0.0	0.0
1996-06-25	0.0	0.0	0.0	0.0
1996-06-26	2.8	0.0	3.6	0.2
1996-06-27	2.8	0.0	3.6	0.2
1996-06-28	4.6	0.0	13.2	0.2
1996-06-29	4.8	0.0	16.6	0.2
1996-06-30	4.0	0.2	23.6	0.2
1996-07-01	7.6	0.571	34.4	0.4
1996-07-02	6.8	1.171	24.8	0.4
1996-07-03	7.039	2.6	25.6	0.4
1996-07-04	5.148	4.5	23.4	0.2
1996-07-05	1.548	4.129	12.6	0.0
1996-07-06	0.548	3.529	12.8	0.0
1996-07-07	0.109	4.7	11.0	0.0
1996-07-08	0.0	2.6	2.6	0.0
1996-07-09	0.0	3.0	3.6	0.0
1996-07-10	0.0	3.0	3.4	0.0
1996-07-11	0.2	2.4	6.8	0.0
1996-07-12	0.4	3.6	11.0	0.0
1996-07-13	0.4	3.2	11.653	0.0
1996-07-14	0.4	3.2	11.653	0.0
1996-07-15	0.2	1.2	5.853	0.0
1996-07-16	0.0	0.0	1.653	0.0
1996-07-17	0.0	0.0	0.0	0.0
1996-07-18	0.0	0.0	0.0	0.0
1996-07-19	0.0	0.0	0.0	0.0
1996-07-20	0.0	0.0	0.0	0.0
1996-07-21	0.0	0.0	0.0	0.0
1996-07-22	0.0	0.0	0.0	0.0
1996-07-23	0.8	0.2	0.0	0.0
1996-07-24	2.4	0.6	1.6	0.0
1996-07-25	2.4	0.6	1.6	0.0
1996-07-26	2.4	0.6	3.0	0.0
1996-07-27	1.6	0.4	3.0	0.0
1996-07-28	1.0	1.8	5.6	0.0
1996-07-29	3.6	2.7	9.466	0.0
1996-07-30	3.8	2.7	11.066	0.0
1996-07-31	3.8	2.7	11.266	0.0
1996-08-01	2.8	0.9	7.066	0.0
1996-08-02	0.2	0.0	3.2	0.0
1996-08-03	0.0	0.0	0.2	0.0
1996-08-04	0.0	0.0	0.0	0.0
1996-08-05	0.0	0.0	0.0	0.0
1996-08-06	1.2	1.25	6.0	1.0
1996-08-07	1.6	3.75	12.6	1.0
1996-08-08	1.8	3.75	17.2	1.0
1996-08-09	1.8	5.05	17.2	1.0
1996-08-10	1.0	4.763	11.257	0.0
1996-08-11	1.4	2.6	4.857	0.0
1996-08-12	1.4	2.6	0.857	0.0
1996-08-13	1.4	1.3	0.857	0.0
1996-08-14	1.0	0.337	0.8	0.0
1996-08-15	0.2	0.0	0.6	0.0
1996-08-16	0.0	0.0	0.0	0.0
1996-08-17	0.0	0.0	0.0	0.0
1996-08-18	0.0	0.0	0.0	0.0
1996-08-19	0.0	0.0	0.0	0.0
1996-08-20	0.6	0.8	4.0	0.0
1996-08-21	0.8	1.4	6.6	0.0
1996-08-22	2.6	2.082	10.95	0.0
1996-08-23	6.0	2.967	17.05	0.0
1996-08-24	6.0	3.312	18.1	0.0
1996-08-25	6.8	4.112	19.5	0.0
1996-08-26	5.8	5.14	19.5	0.0
1996-08-27	2.893	6.299	18.1	0.0
1996-08-28	2.451	7.353	17.25	0.0
1996-08-29	1.451	5.953	13.25	0.0
1996-08-30	0.651	4.244	8.9	0.0
1996-08-31	0.158	2.2	4.2	0.0
1996-09-01	0.6	2.2	1.2	0.0
1996-09-02	3.0	5.4	2.6	0.0
1996-09-03	3.0	5.4	2.8	0.2
1996-09-04	3.6	7.2	6.3	0.2
1996-09-05	3.0	5.0	5.1	0.2
1996-09-06	0.6	1.8	3.7	0.2
1996-09-07	0.6	1.8	3.5	0.0
1996-09-08	0.0	0.0	0.0	0.0
1996-09-09	0.0	0.0	0.0	0.0
1996-09-10	0.0	0.0	0.0	0.0
1996-09-11	0.2	0.6	1.2	0.4
1996-09-12	0.2	0.6	1.2	0.4
1996-09-13	0.2	0.6	1.2	0.4
1996-09-14	0.2	0.6	1.2	0.4
1996-09-15	0.0	0.0	0.0	0.0
1996-09-16	0.0	0.0	0.0	0.0
1996-09-17	0.0	0.0	0.0	0.0
1996-09-18	0.8	1.4	0.0	0.0
1996-09-19	1.0	2.0	0.2	2.0
1996-09-20	1.8	2.8	3.6	3.8
1996-09-21	2.0	2.8	3.6	3.8
1996-09-22	1.2	1.4	3.6	3.8
1996-09-23	1.0	0.8	3.4	1.8
1996-09-24	0.4	0.8	2.2	1.0
1996-09-25	0.4	1.6	3.6	2.6
1996-09-26	2.6	3.6	14.0	3.632
1996-09-27	3.0	3.6	17.6	4.032
1996-09-28	2.967	4.8	17.645	3.324
1996-09-29	2.807	6.4	17.701	1.947
1996-09-30	0.607	4.8	8.501	1.115
1996-10-01	1.207	5.0	6.701	0.915
1996-10-02	1.039	3.0	4.856	0.824
1996-10-03	2.3	2.0	11.4	2.8
1996-10-04	4.9	2.8	16.6	6.8
1996-10-05	4.1	2.6	14.8	6.6
1996-10-06	4.9	4.6	15.0	6.8
1996-10-07	3.6	3.2	7.8	5.0
1996-10-08	1.4	4.4	3.8	1.4
1996-10-09	1.2	4.4	5.4	1.4
1996-10-10	0.4	2.4	4.8	1.0
1996-10-11	0.4	2.4	4.0	0.6
1996-10-12	0.0	1.0	1.8	1.4
1996-10-13	0.0	1.0	0.2	1.4
1996-10-14	0.6	1.2	1.8	3.0
1996-10-15	3.2	1.4	6.8	7.6
1996-10-16	4.4	0.6	8.8	10.6
1996-10-17	4.4	0.6	9.0	10.6
1996-10-18	7.6	3.0	18.4	9.5
1996-10-19	5.4	4.4	14.2	5.9
1996-10-20	6.8	7.4	12.186	2.0
1996-10-21	6.8	7.4	11.986	2.0
1996-10-22	3.0	4.8	1.586	1.7
1996-10-23	2.6	3.2	0.786	0.7
1996-10-24	2.6	0.229	4.6	2.2
1996-10-25	4.0	1.029	6.6	5.0
1996-10-26	4.839	3.429	16.4	7.408
1996-10-27	5.235	6.629	27.6	9.531
1996-10-28	2.739	8.4	29.3	9.006
1996-10-29	1.339	9.2	27.5	7.006
1996-10-30	0.5	6.8	17.5	4.398
1996-10-31	1.505	3.8	15.7	2.602
1996-11-01	3.6	1.8	10.8	2.127
1996-11-02	5.2	0.2	12.6	3.327
1996-11-03	7.2	0.4	18.2	6.727
1996-11-04	7.488	0.369	15.993	10.326
1996-11-05	6.288	0.469	23.134	13.6
1996-11-06	5.0	0.5	29.334	16.0
1996-11-07	3.0	0.3	23.534	12.6
1996-11-08	4.713	1.131	23.941	11.074
1996-11-09	5.513	1.631	23.6	7.2
1996-11-10	5.2	1.6	15.8	2.8
1996-11-11	5.2	1.6	23.6	5.2
1996-11-12	1.8	0.6	23.4	5.2
1996-11-13	0.0	0.0	15.8	4.8
1996-11-14	0.2	1.0	17.2	5.4
1996-11-15	0.2	1.0	9.2	3.2
1996-11-16	0.6	2.6	4.2	2.4
1996-11-17	4.4	6.0	8.2	5.4
1996-11-18	4.2	5.0	6.4	4.8
1996-11-19	6.2	5.415	13.0	4.6
1996-11-20	7.6	5.0	15.8	3.0
1996-11-21	5.2	3.2	12.0	0.8
1996-11-22	5.9	4.0	20.2	4.0
1996-11-23	4.1	3.585	16.0	4.2
1996-11-24	4.7	3.4	21.8	9.2
1996-11-25	4.5	3.8	25.7	10.4
1996-11-26	3.8	4.0	21.9	7.2
1996-11-27	3.6	4.0	24.011	7.0
1996-11-28	1.4	4.4	17.575	7.4
1996-11-29	2.2	3.0	18.109	10.6
1996-11-30	2.6	2.0	18.509	12.0
1996-12-01	3.5	2.1	22.098	14.8
1996-12-02	4.7	0.9	24.4	12.816
1996-12-03	3.966	0.5	23.916	11.457
1996-12-04	4.521	0.7	20.55	14.057
1996-12-05	4.221	0.6	12.65	11.257
1996-12-06	3.021	0.4	6.042	7.841
1996-12-07	1.955	0.2	2.292	4.0
1996-12-08	1.0	0.0	1.657	0.0
1996-12-09	0.4	0.0	6.057	0.0
1996-12-10	0.2	0.0	5.8	0.0
1996-12-11	0.0	0.0	13.0	0.0
1996-12-12	1.2	1.4	12.2	0.0
1996-12-13	1.2	3.6	7.6	0.0
1996-12-14	1.2	3.6	10.0	1.0
1996-12-15	3.0	3.8	7.8	3.0
1996-12-16	3.4	3.0	12.2	3.8
1996-12-17	3.8	0.8	15.8	4.6
1996-12-18	4.874	0.852	23.4	8.6
1996-12-19	5.4	0.8	26.713	11.075
1996-12-20	6.8	0.4	28.113	13.475
1996-12-21	6.4	0.4	24.513	12.675
1996-12-22	5.326	0.348	14.513	7.675
1996-12-23	4.6	0.2	5.8	3.6
1996-12-24	1.6	0.0	0.0	0.4
1996-12-25	1.6	0.8	0.2	0.8
1996-12-26	1.6	1.0	0.2	0.8
1996-12-27	0.4	2.5	2.4	1.2
1996-12-28	3.2	5.3	3.6	2.4
1996-12-29	4.0	5.7	3.4	2.2
1996-12-30	7.2	7.1	4.8	3.2
1996-12-31	8.0	8.0	4.2	2.6
