Date	Crakehill	Skip Bridge	Westwick	Skelton	Skelton tommorow	Predictor_1
1993-01-01	10.4	4.393	9.291	26.1	24.86	24.084
1993-01-02	10.175	4.316	8.956	24.86	23.6	23.447
1993-01-03	9.937	4.252	8.657	23.6	23.47	22.845
1993-01-04	9.805	4.28	8.474	23.47	60.7	22.559
1993-01-05	13.78	6.172	11.444	60.7	98.01	31.396
1993-01-06	19.318	7.672	17.892	98.01	56.99	44.881
1993-01-07	21.778	8.454	21.444	56.99	56.66	51.675
1993-01-08	24.925	9.18	26.859	56.66	78.1	60.964
1993-01-09	27.225	8.228	29.974	78.1	83.845	65.427
1993-01-10	27.848	8.987	30.596	83.845	88.424	67.431
1993-01-11	31.25	10.615	34.842	88.424	92.032	76.706
1993-01-12	33.75	12.314	37.573	92.032	94.862	83.638
1993-01-13	32.89	13.836	39.447	94.862	97.107	86.174
1993-01-14	32.302	14.103	40.627	97.107	98.96	87.032
1993-01-15	32.21	14.27	41.318	98.96	100.614	87.799
1993-01-16	32.447	14.396	41.767	100.614	102.263	88.61
1993-01-17	32.8	14.536	42.119	102.263	104.1	89.455
1993-01-18	33.265	14.748	42.388	104.1	106.156	90.4
1993-01-19	34.282	15.253	42.593	106.156	108.266	92.128
1993-01-20	36.181	16.258	42.753	108.266	110.33	95.193
1993-01-21	38.464	17.23	42.885	110.33	112.245	98.579
1993-01-22	40.494	18.103	42.999	112.245	113.911	101.597
1993-01-23	41.693	18.656	43.101	113.911	115.226	103.45
1993-01-24	41.535	18.669	43.186	115.226	116.09	103.391
1993-01-25	40.309	18.645	43.254	116.09	116.4	102.208
1993-01-26	38.603	18.604	43.3	116.4	92.52	100.507
1993-01-27	36.553	17.965	42.408	92.52	104.3	96.926
1993-01-28	35.649	17.82	42.002	104.3	106.0	95.47
1993-01-29	34.7	17.744	42.088	106.0	80.07	94.532
1993-01-30	32.3	16.914	39.172	80.07	64.14	88.386
1993-01-31	29.525	15.841	35.849	64.14	56.13	81.215
1993-02-01	25.5	13.982	30.902	56.13	50.29	70.385
1993-02-02	21.625	11.812	24.746	50.29	43.38	58.183
1993-02-03	19.4	9.612	21.12	43.38	40.47	50.132
1993-02-04	17.825	8.434	18.406	40.47	37.36	44.665
1993-02-05	16.5	7.332	16.591	37.36	37.74	40.422
1993-02-06	15.775	6.59	15.559	37.74	38.31	37.924
1993-02-07	15.5	6.576	14.788	38.31	36.22	36.864
1993-02-08	15.275	6.3	14.15	36.22	35.92	35.725
1993-02-09	15.2	6.358	13.832	35.92	36.61	35.391
1993-02-10	15.0	6.35	13.483	36.61	35.6	34.832
1993-02-11	14.65	6.353	13.212	35.6	33.17	34.215
1993-02-12	14.275	6.302	12.942	33.17	30.73	33.52
1993-02-13	13.77	6.059	12.367	30.73	29.24	32.196
1993-02-14	13.07	5.726	11.596	29.24	27.48	30.393
1993-02-15	12.32	5.415	10.82	27.48	26.18	28.555
1993-02-16	11.67	5.18	10.22	26.18	25.14	27.069
1993-02-17	11.125	4.98	9.699	25.14	24.24	25.804
1993-02-18	10.725	4.804	9.302	24.24	23.59	24.83
1993-02-19	10.335	4.622	8.961	23.59	22.7	23.918
1993-02-20	10.0	4.428	8.772	22.7	21.52	23.2
1993-02-21	9.618	4.245	8.532	21.52	20.43	22.395
1993-02-22	9.172	4.047	8.252	20.43	20.35	21.472
1993-02-23	8.89	3.857	7.988	20.35	20.12	20.735
1993-02-24	8.65	3.722	7.625	20.12	19.47	19.998
1993-02-25	8.552	3.523	7.392	19.47	20.01	19.467
1993-02-26	8.642	3.398	7.502	20.01	21.74	19.543
1993-02-27	8.828	3.276	7.846	21.74	20.26	19.95
1993-02-28	8.85	3.13	7.989	20.26	20.76	19.97
1993-03-01	8.965	3.184	8.121	20.76	23.62	20.27
1993-03-02	9.62	3.214	7.964	23.62	26.09	20.798
1993-03-03	10.382	3.377	7.646	26.09	24.17	21.406
1993-03-04	10.96	3.539	7.578	24.17	23.07	22.077
1993-03-05	11.525	3.624	8.172	23.07	41.84	23.32
1993-03-06	14.1	3.775	11.032	41.84	36.05	28.907
1993-03-07	14.875	3.653	12.422	36.05	28.01	30.95
1993-03-08	15.1	3.513	13.124	28.01	24.2	31.737
1993-03-09	14.925	3.315	12.926	24.2	22.0	31.166
1993-03-10	11.87	3.011	10.254	22.0	20.62	25.135
1993-03-11	10.218	2.904	8.921	20.62	20.02	22.043
1993-03-12	9.525	2.843	8.272	20.02	20.56	20.64
1993-03-13	9.138	2.803	7.911	20.56	17.97	19.851
1993-03-14	8.995	2.766	7.863	17.97	18.06	19.624
1993-03-15	9.013	2.685	7.701	18.06	17.16	19.399
1993-03-16	9.034	2.607	7.563	17.16	20.06	19.205
1993-03-17	9.092	2.56	8.092	20.06	22.36	19.744
1993-03-18	9.162	2.53	9.225	22.36	25.27	20.916
1993-03-19	9.571	2.492	10.33	25.27	20.08	22.393
1993-03-20	9.35	2.479	10.673	20.08	18.08	22.502
1993-03-21	8.992	2.459	10.339	18.08	21.39	21.79
1993-03-22	9.098	2.446	9.839	21.39	18.6	21.382
1993-03-23	8.39	2.445	9.041	18.6	17.51	19.876
1993-03-24	8.352	2.416	9.078	17.51	17.68	19.847
1993-03-25	8.382	2.362	9.041	17.68	16.52	19.786
1993-03-26	7.762	2.303	8.268	16.52	15.18	18.333
1993-03-27	7.482	2.266	7.882	15.18	14.32	17.631
1993-03-28	7.09	2.246	7.326	14.32	13.93	16.663
1993-03-29	6.715	2.239	6.821	13.93	13.99	15.775
1993-03-30	6.528	2.266	6.514	13.99	15.32	15.308
1993-03-31	6.667	2.32	6.798	15.32	17.46	15.786
1993-04-01	6.938	2.444	7.182	17.46	16.61	16.564
1993-04-02	7.168	2.531	7.412	16.61	15.23	17.11
1993-04-03	7.325	2.578	7.534	15.23	20.33	17.437
1993-04-04	7.76	2.988	7.885	20.33	44.18	18.633
1993-04-05	10.338	4.041	17.336	44.18	42.575	31.714
1993-04-06	13.875	5.214	25.191	42.575	39.595	44.28
1993-04-07	17.822	5.622	30.142	39.595	37.99	53.586
1993-04-08	19.085	5.484	31.94	37.99	92.73	56.509
1993-04-09	25.935	4.797	28.346	92.73	87.787	59.077
1993-04-10	29.689	4.463	30.268	87.787	77.64	64.421
1993-04-11	30.339	5.522	30.024	77.64	62.7	65.885
1993-04-12	32.464	8.033	32.219	62.7	72.0	72.717
1993-04-13	29.414	9.979	30.297	72.0	52.73	69.69
1993-04-14	25.2	10.339	23.07	52.73	38.61	58.609
1993-04-15	22.575	9.681	20.159	38.61	32.41	52.416
1993-04-16	20.275	7.56	16.778	32.41	29.05	44.613
1993-04-17	15.0	5.722	13.605	29.05	34.01	34.326
1993-04-18	13.075	5.082	16.3	34.01	66.89	34.456
1993-04-19	15.725	5.109	21.942	66.89	52.91	42.776
1993-04-20	17.025	5.111	23.913	52.91	40.0	46.05
1993-04-21	18.125	5.158	25.751	40.0	37.47	49.034
1993-04-22	18.725	5.041	22.34	37.47	30.47	46.106
1993-04-23	15.5	4.588	16.79	30.47	36.89	36.878
1993-04-24	14.75	4.405	16.182	36.89	90.87	35.337
1993-04-25	21.4	6.144	18.645	90.87	85.787	46.189
1993-04-26	26.746	9.776	24.283	85.787	73.96	60.805
1993-04-27	29.671	11.682	26.24	73.96	48.21	67.593
1993-04-28	30.096	12.573	25.975	48.21	37.13	68.643
1993-04-29	22.921	11.223	22.127	37.13	31.33	56.271
1993-04-30	17.1	7.826	15.58	31.33	29.42	40.506
1993-05-01	13.8	6.081	13.202	29.42	25.83	33.082
1993-05-02	12.025	5.211	11.548	25.83	22.82	28.784
1993-05-03	10.808	4.57	10.598	22.82	21.51	25.976
1993-05-04	9.908	4.136	10.033	21.51	19.93	24.076
1993-05-05	9.188	3.794	8.835	19.93	19.06	21.817
1993-05-06	8.648	3.491	8.271	19.06	18.14	20.409
1993-05-07	8.225	3.314	7.744	18.14	17.15	19.284
1993-05-08	7.87	3.171	7.252	17.15	16.21	18.292
1993-05-09	7.582	3.071	6.876	16.21	21.44	17.529
1993-05-10	7.545	3.847	7.203	21.44	24.91	18.594
1993-05-11	7.775	4.314	8.232	24.91	21.98	20.321
1993-05-12	8.03	4.517	8.747	21.98	19.51	21.294
1993-05-13	8.225	4.643	9.723	19.51	25.694	22.591
1993-05-14	8.793	4.907	10.899	25.694	41.156	24.599
1993-05-15	10.55	7.362	12.669	41.156	61.255	30.581
1993-05-16	14.169	11.109	16.392	61.255	81.354	41.669
1993-05-17	19.697	14.572	21.039	81.354	96.816	55.307
1993-05-18	26.053	16.245	25.867	96.816	103.0	68.166
1993-05-19	31.581	15.329	29.869	103.0	67.18	76.779
1993-05-20	32.237	12.905	31.327	67.18	92.33	76.47
1993-05-21	35.247	11.843	35.113	92.33	74.03	82.203
1993-05-22	33.225	10.626	33.543	74.03	51.53	77.394
1993-05-23	28.675	9.498	29.928	51.53	41.04	68.101
1993-05-24	26.35	8.581	26.523	41.04	34.74	61.454
1993-05-25	19.35	6.488	18.947	34.74	31.28	44.785
1993-05-26	15.725	5.242	15.478	31.28	29.67	36.444
1993-05-27	13.95	4.614	13.582	29.67	29.22	32.146
1993-05-28	12.95	4.224	12.684	29.22	27.6	29.857
1993-05-29	12.3	4.004	12.238	27.6	28.03	28.542
1993-05-30	11.9	3.951	13.234	28.03	36.863	29.085
1993-05-31	14.213	5.324	18.732	36.863	52.515	38.269
1993-06-01	19.188	8.017	27.755	52.515	60.87	54.959
1993-06-02	20.662	9.136	31.907	60.87	44.06	61.706
1993-06-03	21.438	9.593	33.102	44.06	35.14	64.133
1993-06-04	19.125	8.382	28.548	35.14	28.75	56.055
1993-06-05	13.8	5.727	19.629	28.75	24.44	39.157
1993-06-06	11.855	4.536	15.174	24.44	21.47	31.566
1993-06-07	10.41	3.857	12.207	21.47	19.92	26.474
1993-06-08	9.328	3.415	10.379	19.92	18.9	23.122
1993-06-09	8.59	3.153	9.202	18.9	18.55	20.945
1993-06-10	8.11	3.036	8.474	18.55	19.22	19.62
1993-06-11	8.0	3.021	8.234	19.22	20.78	19.255
1993-06-12	8.057	3.114	8.45	20.78	20.21	19.621
1993-06-13	8.1	3.166	8.676	20.21	21.15	19.942
1993-06-14	8.388	3.475	9.02	21.15	22.53	20.883
1993-06-15	8.595	3.651	9.286	22.53	20.07	21.532
1993-06-16	8.56	3.608	8.986	20.07	18.18	21.154
1993-06-17	8.442	3.558	8.721	18.18	18.48	20.721
1993-06-18	8.115	3.336	9.28	18.48	28.35	20.731
1993-06-19	8.562	3.232	10.857	28.35	24.66	22.652
1993-06-20	8.652	3.146	11.902	24.66	19.59	23.7
1993-06-21	8.598	3.068	12.262	19.59	16.59	23.928
1993-06-22	8.378	2.858	11.33	16.59	16.35	22.565
1993-06-23	7.308	2.762	9.29	16.35	15.8	19.359
1993-06-24	6.748	2.73	7.873	15.8	14.38	17.35
1993-06-25	6.475	2.686	7.136	14.38	14.31	16.297
1993-06-26	6.41	2.695	6.703	14.31	13.53	15.808
1993-06-27	6.23	2.546	6.153	13.53	12.83	14.929
1993-06-28	6.035	2.447	5.749	12.83	12.16	14.23
1993-06-29	5.8	2.396	5.379	12.16	11.7	13.575
1993-06-30	5.495	2.308	5.064	11.7	11.16	12.867
1993-07-01	5.272	2.257	4.887	11.16	11.6	12.416
1993-07-02	5.158	2.222	4.874	11.6	11.34	12.253
1993-07-03	5.055	2.196	4.797	11.34	10.95	12.048
1993-07-04	4.958	2.184	4.748	10.95	10.5	11.89
1993-07-05	4.865	2.166	4.654	10.5	10.2	11.686
1993-07-06	4.722	2.144	4.49	10.2	9.867	11.356
1993-07-07	4.558	2.116	4.422	9.867	9.656	11.096
1993-07-08	4.385	2.104	4.349	9.656	13.04	10.838
1993-07-09	4.368	2.18	5.519	13.04	14.6	12.066
1993-07-10	4.558	2.202	6.125	14.6	11.95	12.884
1993-07-11	4.625	2.204	6.406	11.95	10.7	13.235
1993-07-12	4.668	2.174	6.563	10.7	10.27	13.404
1993-07-13	4.552	2.064	5.451	10.27	10.58	12.068
1993-07-14	4.318	2.074	4.905	10.58	12.28	11.296
1993-07-15	4.46	2.339	4.871	12.28	17.62	11.67
1993-07-16	5.095	2.654	6.684	17.62	23.8	14.433
1993-07-17	6.362	2.77	8.315	23.8	17.75	17.447
1993-07-18	6.862	2.77	9.226	17.75	46.31	18.858
1993-07-19	7.48	5.302	18.703	46.31	46.49	31.485
1993-07-20	8.828	5.918	20.932	46.49	37.24	35.677
1993-07-21	8.785	6.627	24.041	37.24	24.29	39.453
1993-07-22	8.907	6.89	24.743	24.29	18.73	40.54
1993-07-23	8.415	4.294	18.494	18.73	39.61	31.203
1993-07-24	8.69	3.593	19.06	39.61	25.53	31.343
1993-07-25	8.42	2.934	16.234	25.53	22.36	27.587
1993-07-26	8.35	2.806	17.117	22.36	22.1	28.273
1993-07-27	8.63	2.785	15.848	22.1	23.89	27.262
1993-07-28	6.938	2.729	13.803	23.89	19.53	23.47
1993-07-29	6.445	2.707	13.193	19.53	15.53	22.344
1993-07-30	6.075	2.613	11.466	15.53	13.52	20.154
1993-07-31	5.602	2.486	9.846	13.52	12.49	17.934
1993-08-01	5.08	2.388	7.616	12.49	12.45	15.084
1993-08-02	4.705	2.412	6.592	12.45	12.56	13.708
1993-08-03	4.498	2.417	6.689	12.56	25.11	13.604
1993-08-04	5.738	2.599	9.498	25.11	108.0	17.835
1993-08-05	7.803	4.168	15.031	108.0	83.639	27.002
1993-08-06	10.403	6.924	22.147	83.639	48.75	39.474
1993-08-07	13.256	7.56	24.579	48.75	31.65	45.395
1993-08-08	13.841	7.792	24.205	31.65	33.63	45.838
1993-08-09	14.515	6.66	21.8	33.63	41.23	42.975
1993-08-10	14.85	4.181	17.015	41.23	40.14	36.046
1993-08-11	15.225	4.447	20.914	40.14	67.91	40.586
1993-08-12	19.075	4.886	23.94	67.91	44.83	47.901
1993-08-13	19.225	4.845	23.835	44.83	30.32	47.905
1993-08-14	17.95	4.733	23.056	30.32	31.47	45.74
1993-08-15	16.75	4.585	18.583	31.47	33.0	39.918
1993-08-16	12.9	4.194	14.524	33.0	24.38	31.618
1993-08-17	11.215	4.052	12.239	24.38	20.33	27.506
1993-08-18	10.435	3.983	11.187	20.33	17.9	25.604
1993-08-19	9.095	3.346	9.005	17.9	15.83	21.446
1993-08-20	7.658	3.016	7.524	15.83	14.52	18.198
1993-08-21	6.808	2.865	6.734	14.52	13.99	16.406
1993-08-22	6.19	2.868	6.196	13.99	13.78	15.254
1993-08-23	5.8	2.839	5.85	13.78	13.29	14.489
1993-08-24	5.542	2.787	5.584	13.29	12.84	13.913
1993-08-25	5.378	2.735	5.366	12.84	12.39	13.479
1993-08-26	5.25	2.592	5.2	12.39	12.07	13.042
1993-08-27	5.085	2.512	5.02	12.07	11.58	12.617
1993-08-28	4.918	2.468	4.874	11.58	11.32	12.259
1993-08-29	4.75	2.427	4.757	11.32	10.88	11.934
1993-08-30	4.595	2.388	4.627	10.88	10.58	11.611
1993-08-31	4.46	2.353	4.511	10.58	10.48	11.324
1993-09-01	4.362	2.32	4.394	10.48	10.34	11.077
1993-09-02	4.26	2.297	4.289	10.34	10.25	10.846
1993-09-03	4.195	2.278	4.203	10.25	10.04	10.676
1993-09-04	4.135	2.262	4.134	10.04	9.96	10.531
1993-09-05	4.065	2.248	4.078	9.96	9.954	10.39
1993-09-06	4.025	2.244	4.012	9.954	10.01	10.281
1993-09-07	3.98	2.233	3.928	10.01	11.97	10.14
1993-09-08	4.18	2.807	6.107	11.97	58.26	13.094
1993-09-09	11.635	4.21	13.284	58.26	55.08	29.129
1993-09-10	15.845	5.322	22.155	55.08	61.8	43.322
1993-09-11	19.785	5.902	27.996	61.8	34.91	53.683
1993-09-12	21.625	5.601	28.657	34.91	39.218	55.883
1993-09-13	16.519	4.741	25.875	39.218	49.989	47.135
1993-09-14	15.4	4.835	24.809	49.989	63.99	45.045
1993-09-15	15.512	6.335	30.221	63.99	77.991	52.068
1993-09-16	18.457	9.004	40.104	77.991	88.762	67.565
1993-09-17	21.843	12.073	43.234	88.762	93.07	77.15
1993-09-18	24.788	14.742	40.536	93.07	62.26	80.065
1993-09-19	24.575	15.489	33.11	62.26	49.15	73.174
1993-09-20	22.806	14.53	23.961	49.15	47.41	61.296
1993-09-21	20.2	12.588	19.834	47.41	38.26	52.622
1993-09-22	16.625	9.535	17.532	38.26	32.0	43.692
1993-09-23	14.85	7.383	16.152	32.0	31.0	38.385
1993-09-24	13.4	5.959	14.487	31.0	29.11	33.845
1993-09-25	11.76	4.784	12.669	29.11	25.99	29.213
1993-09-26	10.608	4.368	11.197	25.99	23.38	26.172
1993-09-27	9.71	4.055	9.934	23.38	21.42	23.7
1993-09-28	8.992	3.84	8.991	21.42	20.33	21.824
1993-09-29	8.512	3.956	8.328	20.33	20.44	20.796
1993-09-30	8.228	4.007	7.971	20.44	26.3	20.205
1993-10-01	8.775	4.709	9.047	26.3	82.21	22.531
1993-10-02	15.618	8.397	13.057	82.21	104.4	37.071
1993-10-03	24.712	11.302	19.13	104.4	68.06	55.144
1993-10-04	28.45	13.82	23.426	68.06	69.72	65.696
1993-10-05	32.175	16.236	28.733	69.72	74.218	77.144
1993-10-06	30.564	15.625	32.474	74.218	81.154	78.663
1993-10-07	27.741	15.381	35.111	81.154	87.52	78.233
1993-10-08	31.079	15.457	39.83	87.52	90.31	86.365
1993-10-09	34.079	14.771	38.923	90.31	71.14	87.773
1993-10-10	34.34	13.677	35.278	71.14	59.05	83.294
1993-10-11	31.663	12.382	29.579	59.05	68.72	73.624
1993-10-12	31.05	13.298	25.471	68.72	98.35	69.818
1993-10-13	29.938	14.0	25.826	98.35	74.58	69.764
1993-10-14	30.238	14.115	25.323	74.58	55.06	69.676
1993-10-15	30.213	13.777	24.793	55.06	42.92	68.782
1993-10-16	26.263	10.693	21.614	42.92	36.39	58.569
1993-10-17	21.825	7.966	16.894	36.39	32.49	46.684
1993-10-18	17.45	6.175	14.256	32.49	30.28	37.881
1993-10-19	15.125	5.142	12.622	30.28	29.3	32.889
1993-10-20	13.8	4.865	11.581	29.3	28.16	30.246
1993-10-21	13.225	4.632	10.932	28.16	27.79	28.789
1993-10-22	12.9	4.446	10.508	27.79	26.08	27.854
1993-10-23	12.575	4.268	10.119	26.08	24.67	26.963
1993-10-24	12.125	4.051	9.74	24.67	23.32	25.916
1993-10-25	11.45	3.885	9.314	23.32	22.19	24.65
1993-10-26	10.798	3.764	8.831	22.19	21.05	23.393
1993-10-27	10.238	3.664	8.401	21.05	20.32	22.303
1993-10-28	9.76	3.589	8.02	20.32	19.71	21.368
1993-10-29	9.325	3.518	7.704	19.71	19.23	20.546
1993-10-30	8.96	3.45	7.461	19.23	18.76	19.871
1993-10-31	8.702	3.378	7.288	18.76	18.53	19.368
1993-11-01	8.518	3.333	7.143	18.53	18.36	18.994
1993-11-02	8.358	3.31	7.017	18.36	18.0	18.685
1993-11-03	8.262	3.294	6.929	18.0	17.7	18.486
1993-11-04	8.16	3.29	6.83	17.7	17.8	18.28
1993-11-05	8.072	3.261	6.759	17.8	17.5	18.092
1993-11-06	7.962	3.219	6.687	17.5	17.15	17.868
1993-11-07	7.82	3.192	6.624	17.15	16.48	17.636
1993-11-08	7.685	3.164	6.572	16.48	17.7	17.422
1993-11-09	7.662	3.279	6.508	17.7	24.88	17.45
1993-11-10	8.343	3.499	8.235	24.88	26.69	20.076
1993-11-11	8.972	3.606	9.17	26.69	22.02	21.749
1993-11-12	9.237	3.663	9.672	22.02	26.34	22.572
1993-11-13	9.785	4.009	11.804	26.34	114.9	25.598
1993-11-14	14.387	4.933	19.824	114.9	97.19	39.144
1993-11-15	23.412	6.41	22.41	97.19	52.9	52.232
1993-11-16	27.152	7.179	23.786	52.9	39.39	58.116
1993-11-17	28.802	7.27	22.862	39.39	36.0	58.934
1993-11-18	25.025	6.553	13.942	36.0	31.05	45.52
1993-11-19	16.45	5.316	11.008	31.05	26.0	32.774
1993-11-20	13.25	4.769	9.516	26.0	24.69	27.535
1993-11-21	11.7	4.498	8.634	24.69	24.5	24.833
1993-11-22	10.875	4.301	8.059	24.5	24.41	23.234
1993-11-23	10.425	4.167	7.628	24.41	22.32	22.22
1993-11-24	10.055	4.054	7.251	22.32	21.49	21.359
1993-11-25	9.955	3.895	6.987	21.49	26.25	20.837
1993-11-26	10.93	3.872	7.218	26.25	30.47	22.02
1993-11-27	11.83	3.883	7.705	30.47	29.9	23.417
1993-11-28	13.25	3.954	8.349	29.9	33.5	25.553
1993-11-29	14.275	4.037	8.836	33.5	45.39	27.148
1993-11-30	16.45	5.007	9.292	45.39	58.28	30.749
1993-12-01	20.075	5.808	13.26	58.28	99.25	39.143
1993-12-02	27.85	7.576	20.424	99.25	99.11	55.85
1993-12-03	32.975	8.761	29.387	99.11	113.5	71.123
1993-12-04	35.3	8.647	37.055	113.5	95.15	81.001
1993-12-05	35.725	8.478	39.292	95.15	52.83	83.496
1993-12-06	28.875	7.27	35.872	52.83	80.19	72.017
1993-12-07	30.075	6.7	36.753	80.19	97.34	73.527
1993-12-08	31.6	6.54	39.188	97.34	99.099	77.328
1993-12-09	33.881	6.699	43.822	99.099	100.218	84.402
1993-12-10	39.275	7.071	51.166	100.218	100.812	97.512
1993-12-11	39.6	7.573	52.593	100.812	101.0	99.766
1993-12-12	38.25	8.194	49.28	101.0	101.019	95.725
1993-12-13	36.575	8.915	47.207	101.019	101.031	92.697
1993-12-14	34.503	9.713	46.576	101.031	101.038	90.793
1993-12-15	32.21	10.571	45.802	101.038	101.042	88.583
1993-12-16	31.831	11.466	48.894	101.042	101.044	92.191
1993-12-17	31.595	12.38	50.054	101.044	101.047	94.029
1993-12-18	31.437	13.291	48.955	101.047	101.053	93.684
1993-12-19	31.291	14.181	47.002	101.053	101.062	92.474
1993-12-20	31.091	15.028	44.375	101.062	101.077	90.494
1993-12-21	30.771	15.813	41.622	101.077	101.1	88.205
1993-12-22	29.882	16.515	43.123	101.1	111.4	89.52
1993-12-23	30.821	17.114	44.202	111.4	103.9	92.136
1993-12-24	32.225	17.59	44.664	103.9	88.64	94.479
1993-12-25	32.25	17.924	42.488	88.64	68.55	92.662
1993-12-26	30.875	17.382	35.208	68.55	57.25	83.465
1993-12-27	27.05	15.64	28.502	57.25	52.94	71.192
1993-12-28	23.025	13.158	22.966	52.94	58.701	59.148
1993-12-29	20.931	10.892	22.014	58.701	71.553	53.838
1993-12-30	21.462	9.895	25.405	71.553	84.848	56.763
1993-12-31	23.354	10.532	31.141	84.848	91.94	65.027
1994-01-01	25.654	12.107	34.008	91.94	93.591	71.769
1994-01-02	28.055	13.469	35.85	93.591	94.994	77.374
1994-01-03	30.368	14.325	35.972	94.994	96.146	80.665
1994-01-04	32.524	14.66	35.718	96.146	97.046	82.901
1994-01-05	34.574	14.746	39.184	97.046	97.691	88.504
1994-01-06	36.507	14.813	42.042	97.691	98.08	93.362
1994-01-07	38.166	14.863	41.125	98.08	98.21	94.155
1994-01-08	39.395	14.895	37.37	98.21	86.6	91.66
1994-01-09	39.344	14.062	36.057	86.6	100.1	89.463
1994-01-10	38.799	13.796	34.639	100.1	113.6	87.235
1994-01-11	37.937	13.552	35.631	113.6	113.25	87.121
1994-01-12	36.954	13.424	38.78	113.25	112.118	89.157
1994-01-13	36.755	14.366	40.065	112.118	110.081	91.185
1994-01-14	36.633	14.978	42.642	110.081	107.016	94.252
1994-01-15	36.504	15.765	45.9	107.016	102.8	98.169
1994-01-16	36.288	16.518	44.546	102.8	80.08	97.352
1994-01-17	33.662	16.497	39.988	80.08	75.03	90.147
1994-01-18	32.263	15.794	36.653	75.03	118.3	84.711
1994-01-19	30.67	14.625	36.417	118.3	81.92	81.712
1994-01-20	28.67	13.356	35.715	81.92	71.77	77.74
1994-01-21	28.345	12.531	37.131	71.77	68.35	78.007
1994-01-22	26.47	12.048	35.82	68.35	112.7	74.338
1994-01-23	29.55	12.013	31.477	112.7	100.3	73.039
1994-01-24	30.0	12.259	32.383	100.3	111.6	74.641
1994-01-25	34.5	12.781	33.421	111.6	111.373	80.702
1994-01-26	39.18	13.558	34.943	111.373	110.74	87.681
1994-01-27	38.733	14.306	35.95	110.74	109.774	88.989
1994-01-28	40.883	14.924	36.325	109.774	108.547	92.133
1994-01-29	39.18	15.484	36.602	108.547	107.131	91.265
1994-01-30	37.22	15.95	36.893	107.131	105.6	90.063
1994-01-31	35.517	16.287	37.314	105.6	103.2	89.118
1994-02-01	36.592	16.372	39.178	103.2	102.578	92.142
1994-02-02	37.912	16.538	42.349	102.578	102.1	96.799
1994-02-03	39.292	16.782	42.49	102.1	101.527	98.564
1994-02-04	40.771	17.125	43.872	101.527	100.801	101.768
1994-02-05	39.988	17.638	45.19	100.801	99.39	102.817
1994-02-06	39.422	17.105	42.825	99.39	89.16	99.352
1994-02-07	37.922	16.272	41.945	89.16	70.76	96.138
1994-02-08	34.542	14.708	38.805	70.76	84.77	88.055
1994-02-09	33.15	12.759	38.031	84.77	68.28	83.94
1994-02-10	29.225	11.217	34.941	68.28	56.59	75.383
1994-02-11	25.775	9.669	31.954	56.59	50.53	67.398
1994-02-12	23.75	8.582	28.974	50.53	46.39	61.305
1994-02-13	19.375	7.711	21.574	46.39	41.9	48.66
1994-02-14	17.3	7.202	18.243	41.9	39.99	42.745
1994-02-15	15.85	6.871	15.97	39.99	35.09	38.691
1994-02-16	14.775	6.559	14.343	35.09	36.73	35.677
1994-02-17	14.025	6.188	13.214	36.73	33.65	33.427
1994-02-18	13.575	5.967	12.616	33.65	31.7	32.159
1994-02-19	13.25	5.714	12.211	31.7	30.31	31.175
1994-02-20	12.925	5.484	11.809	30.31	28.78	30.218
1994-02-21	12.575	5.359	11.404	28.78	27.88	29.338
1994-02-22	12.15	5.12	10.878	27.88	31.49	28.148
1994-02-23	11.725	4.941	10.41	31.49	30.35	27.076
1994-02-24	11.45	4.868	10.078	30.35	32.17	26.396
1994-02-25	11.55	5.014	10.135	32.17	86.82	26.699
1994-02-26	19.325	5.542	13.832	86.82	94.509	38.7
1994-02-27	27.127	6.55	18.861	94.509	100.53	52.538
1994-02-28	34.801	8.186	24.785	100.53	105.059	67.772
1994-03-01	42.02	10.323	31.129	105.059	108.273	83.471
1994-03-02	41.457	12.707	34.767	108.273	110.351	88.931
1994-03-03	40.737	14.977	37.97	110.351	111.467	93.683
1994-03-04	39.963	16.771	41.376	111.467	111.8	98.11
1994-03-05	39.243	17.106	45.898	111.8	103.5	102.246
1994-03-06	38.68	16.41	45.428	103.5	116.9	100.518
1994-03-07	39.049	15.086	43.442	116.9	108.8	97.577
1994-03-08	39.173	13.516	40.026	108.8	94.984	92.715
1994-03-09	37.299	12.929	34.578	94.984	77.91	84.806
1994-03-10	33.674	12.322	33.106	77.91	59.87	79.103
1994-03-11	29.424	11.756	32.053	59.87	76.8	73.233
1994-03-12	26.624	11.336	32.961	76.8	76.395	70.922
1994-03-13	27.062	11.722	35.162	76.395	75.17	73.946
1994-03-14	30.087	13.445	38.422	75.17	73.107	81.954
1994-03-15	33.237	15.055	42.242	73.107	70.19	90.534
1994-03-16	31.262	15.476	40.964	70.19	59.56	87.703
1994-03-17	27.625	14.749	37.498	59.56	54.1	79.872
1994-03-18	23.075	12.987	32.946	54.1	58.46	69.008
1994-03-19	18.8	11.15	28.465	58.46	46.14	58.415
1994-03-20	17.825	9.57	25.635	46.14	39.57	53.03
1994-03-21	16.975	8.059	22.993	39.57	46.12	48.026
1994-03-22	17.45	6.744	24.776	46.12	110.0	48.97
1994-03-23	18.712	6.992	28.057	110.0	106.775	53.761
1994-03-24	21.994	9.065	34.529	106.775	98.098	65.589
1994-03-25	26.244	11.733	42.446	98.098	85.47	80.423
1994-03-26	27.719	13.376	42.103	85.47	56.22	83.199
1994-03-27	25.932	12.954	38.033	56.22	64.34	76.92
1994-03-28	23.075	11.807	36.424	64.34	59.25	71.306
1994-03-29	19.675	9.917	32.188	59.25	50.76	61.78
1994-03-30	17.3	8.892	29.835	50.76	52.42	56.027
1994-03-31	17.95	8.828	32.047	52.42	78.119	58.824
1994-04-01	19.996	10.092	31.576	78.119	102.4	61.664
1994-04-02	23.021	11.106	33.692	102.4	65.1	67.819
1994-04-03	23.996	11.502	36.397	65.1	98.21	71.895
1994-04-04	26.021	13.01	37.134	98.21	73.44	76.165
1994-04-05	25.05	12.132	37.536	73.44	79.44	74.719
1994-04-06	24.65	11.516	37.22	79.44	72.78	73.386
1994-04-07	26.475	11.641	38.339	72.78	91.78	76.455
1994-04-08	27.05	11.871	40.075	91.78	87.236	78.996
1994-04-09	30.9	12.675	42.43	87.236	77.52	86.005
1994-04-10	29.075	13.194	41.727	77.52	61.35	83.996
1994-04-11	27.375	12.92	39.321	61.35	55.09	79.615
1994-04-12	24.525	11.833	35.579	55.09	63.07	71.937
1994-04-13	20.8	10.929	29.784	63.07	47.63	61.513
1994-04-14	19.525	10.031	25.401	47.63	39.93	54.957
1994-04-15	17.875	9.791	22.136	39.93	35.34	49.802
1994-04-16	16.175	8.956	18.426	35.34	32.17	43.557
1994-04-17	13.325	8.091	15.064	32.17	28.26	36.479
1994-04-18	12.025	6.995	13.394	28.26	26.28	32.414
1994-04-19	11.275	5.937	12.367	26.28	25.77	29.578
1994-04-20	10.85	5.02	11.6	25.77	29.29	27.469
1994-04-21	11.3	4.155	12.061	29.29	39.38	27.516
1994-04-22	13.075	4.031	15.806	39.38	73.41	32.912
1994-04-23	18.75	4.778	24.744	73.41	80.79	48.271
1994-04-24	24.675	5.22	29.936	80.79	48.35	59.831
1994-04-25	25.8	5.726	31.633	48.35	49.5	63.159
1994-04-26	25.675	6.282	31.716	49.5	39.69	63.673
1994-04-27	20.9	5.623	24.221	39.69	37.65	50.744
1994-04-28	16.725	5.129	22.982	37.65	52.87	44.836
1994-04-29	17.825	4.55	23.207	52.87	34.32	45.582
1994-04-30	16.825	3.904	19.97	34.32	27.22	40.699
1994-05-01	16.05	3.646	18.646	27.22	24.07	38.342
1994-05-02	14.2	3.444	14.608	24.07	22.46	32.252
1994-05-03	11.11	3.301	11.469	22.46	21.27	25.88
1994-05-04	10.065	3.196	10.22	21.27	24.27	23.481
1994-05-05	10.165	3.197	10.52	24.27	37.69	23.882
1994-05-06	11.965	3.243	13.59	37.69	31.42	28.798
1994-05-07	12.555	3.28	14.399	31.42	24.05	30.234
1994-05-08	12.682	3.324	14.751	24.05	20.81	30.757
1994-05-09	12.012	3.213	13.778	20.81	18.95	29.003
1994-05-10	9.757	3.069	10.142	18.95	17.92	22.967
1994-05-11	8.71	2.936	8.896	17.92	16.88	20.541
1994-05-12	8.165	2.777	8.097	16.88	16.09	19.038
1994-05-13	7.775	2.711	7.568	16.09	15.39	18.054
1994-05-14	7.48	2.671	7.227	15.39	19.78	17.377
1994-05-15	7.54	3.403	7.355	19.78	25.57	18.298
1994-05-16	8.252	3.781	8.407	25.57	22.02	20.44
1994-05-17	8.582	3.93	8.923	22.02	18.69	21.435
1994-05-18	8.682	3.99	9.134	18.69	16.56	21.807
1994-05-19	8.432	3.252	8.828	16.56	15.76	20.512
1994-05-20	7.595	2.868	7.64	15.76	15.64	18.103
1994-05-21	7.187	2.836	7.068	15.64	26.65	17.091
1994-05-22	8.937	3.728	10.113	26.65	43.22	22.779
1994-05-23	11.725	4.387	11.834	43.22	26.34	27.946
1994-05-24	12.612	4.734	12.531	26.34	20.46	29.877
1994-05-25	13.005	4.812	12.827	20.46	17.6	30.643
1994-05-26	11.27	3.948	9.618	17.6	15.84	24.835
1994-05-27	8.442	3.298	7.738	15.84	15.36	19.478
1994-05-28	7.427	2.946	6.873	15.36	14.36	17.246
1994-05-29	6.875	2.738	6.368	14.36	13.71	15.981
1994-05-30	6.505	2.622	6.051	13.71	13.4	15.178
1994-05-31	6.225	2.55	5.808	13.4	13.19	14.583
1994-06-01	5.997	2.512	5.624	13.19	13.48	14.134
1994-06-02	5.907	2.551	5.521	13.48	14.07	13.979
1994-06-03	5.93	2.604	5.485	14.07	14.91	14.018
1994-06-04	6.437	2.641	5.881	14.91	18.63	14.959
1994-06-05	7.2	2.626	6.346	18.63	15.57	16.171
1994-06-06	7.402	2.54	6.513	15.57	13.47	16.455
1994-06-07	7.42	2.452	6.703	13.47	14.56	16.575
1994-06-08	7.01	2.38	6.565	14.56	12.86	15.954
1994-06-09	6.21	2.338	6.171	12.86	11.88	14.719
1994-06-10	5.852	2.312	5.97	11.88	11.64	14.134
1994-06-11	5.585	2.283	5.681	11.64	11.22	13.549
1994-06-12	5.262	2.256	5.28	11.22	11.18	12.799
1994-06-13	5.08	2.242	5.018	11.18	10.71	12.34
1994-06-14	4.905	2.196	4.769	10.71	10.25	11.869
1994-06-15	4.737	2.138	4.537	10.25	10.03	11.412
1994-06-16	4.61	2.094	4.337	10.03	10.3	11.041
1994-06-17	4.55	2.055	4.206	10.3	10.18	10.81
1994-06-18	4.537	2.043	4.14	10.18	10.37	10.721
1994-06-19	4.53	2.051	4.217	10.37	13.63	10.798
1994-06-20	4.792	2.063	5.075	13.63	14.19	11.93
1994-06-21	4.945	2.095	6.738	14.19	26.89	13.777
1994-06-22	6.15	2.17	9.694	26.89	18.78	18.014
1994-06-23	6.647	2.177	10.556	18.78	13.75	19.38
1994-06-24	6.565	2.153	10.213	13.75	12.5	18.93
1994-06-25	6.507	2.198	8.912	12.5	12.76	17.617
1994-06-26	5.532	2.13	6.439	12.76	12.27	14.101
1994-06-27	5.125	2.104	6.206	12.27	15.79	13.435
1994-06-28	5.285	2.086	6.779	15.79	12.57	14.149
1994-06-29	5.21	1.964	6.813	12.57	10.65	13.987
1994-06-30	4.865	1.894	6.502	10.65	9.882	13.261
1994-07-01	4.632	1.848	5.82	9.882	9.498	12.3
1994-07-02	4.135	1.824	4.712	9.498	9.229	10.671
1994-07-03	3.882	1.815	4.294	9.229	8.72	9.991
1994-07-04	3.77	1.826	4.114	8.72	8.905	9.71
1994-07-05	3.697	1.831	4.006	8.905	9.239	9.535
1994-07-06	3.657	1.864	3.95	9.239	9.709	9.471
1994-07-07	3.675	1.986	3.878	9.709	9.33	9.539
1994-07-08	3.692	2.021	3.81	9.33	8.986	9.523
1994-07-09	3.71	2.024	3.76	8.986	8.419	9.494
1994-07-10	3.672	1.973	3.722	8.419	8.316	9.367
1994-07-11	3.602	1.827	3.691	8.316	8.162	9.12
1994-07-12	3.515	1.762	3.587	8.162	7.967	8.864
1994-07-13	3.465	1.726	3.515	7.967	7.735	8.706
1994-07-14	3.412	1.703	3.437	7.735	7.645	8.553
1994-07-15	3.347	1.684	3.354	7.645	7.434	8.385
1994-07-16	3.285	1.662	3.297	7.434	7.499	8.243
1994-07-17	3.182	1.646	3.23	7.499	7.124	8.058
1994-07-18	3.13	1.642	3.167	7.124	6.623	7.939
1994-07-19	3.08	1.635	3.119	6.623	6.298	7.833
1994-07-20	3.035	1.635	3.095	6.298	6.342	7.765
1994-07-21	2.997	1.642	3.049	6.342	6.151	7.689
1994-07-22	2.972	1.646	3.011	6.151	5.887	7.628
1994-07-23	2.947	1.633	2.964	5.887	7.603	7.545
1994-07-24	3.087	1.921	3.082	7.603	11.16	8.09
1994-07-25	3.475	2.327	3.228	11.16	8.654	9.03
1994-07-26	3.635	2.409	3.396	8.654	9.499	9.439
1994-07-27	3.882	2.708	3.566	9.499	8.672	10.157
1994-07-28	3.925	2.527	3.52	8.672	8.077	9.972
1994-07-29	3.637	2.155	3.463	8.077	7.809	9.255
1994-07-30	3.517	2.088	3.376	7.809	9.428	8.981
1994-07-31	3.617	2.072	3.605	9.428	10.57	9.294
1994-08-01	3.755	2.123	3.82	10.57	9.686	9.697
1994-08-02	3.84	2.256	3.964	9.686	8.179	10.06
1994-08-03	3.865	2.305	4.022	8.179	8.73	10.192
1994-08-04	3.685	2.171	4.138	8.73	14.1	9.994
1994-08-05	4.08	2.117	4.93	14.1	11.62	11.126
1994-08-06	4.212	1.976	5.169	11.62	9.796	11.357
1994-08-07	4.32	1.915	5.324	9.796	8.954	11.559
1994-08-08	4.275	1.806	5.022	8.954	8.478	11.102
1994-08-09	3.622	1.717	4.093	8.478	8.157	9.432
1994-08-10	3.37	1.699	3.755	8.157	7.746	8.824
1994-08-11	3.262	1.706	3.584	7.746	7.646	8.552
1994-08-12	3.225	1.687	3.489	7.646	7.348	8.401
1994-08-13	3.197	1.665	3.406	7.348	6.909	8.268
1994-08-14	3.145	1.634	3.331	6.909	6.758	8.11
1994-08-15	3.052	1.594	3.254	6.758	6.59	7.901
1994-08-16	2.952	1.563	3.186	6.59	7.158	7.702
1994-08-17	3.0	1.606	3.175	7.158	9.919	7.78
1994-08-18	3.632	1.683	3.91	9.919	12.64	9.225
1994-08-19	4.287	1.677	4.441	12.64	9.52	10.405
1994-08-20	4.58	1.655	4.725	9.52	8.371	10.96
1994-08-21	4.64	1.567	4.903	8.371	7.352	11.11
1994-08-22	4.077	1.456	4.276	7.352	7.159	9.81
1994-08-23	3.507	1.49	3.854	7.159	10.28	8.851
1994-08-24	3.635	1.58	4.71	10.28	38.58	9.924
1994-08-25	6.227	1.813	13.166	38.58	33.27	21.206
1994-08-26	7.907	1.955	15.782	33.27	18.75	25.644
1994-08-27	8.56	1.929	17.768	18.75	17.88	28.256
1994-08-28	8.842	1.85	18.93	17.88	16.12	29.622
1994-08-29	6.507	1.642	11.929	16.12	13.02	20.078
1994-08-30	5.06	1.515	10.274	13.02	11.92	16.848
1994-08-31	4.62	1.591	9.223	11.92	27.63	15.434
1994-09-01	5.83	2.515	11.751	27.63	29.49	20.095
1994-09-02	7.077	2.772	12.19	29.49	16.21	22.039
1994-09-03	7.43	2.867	12.165	16.21	11.88	22.462
1994-09-04	7.555	2.827	11.826	11.88	11.61	22.207
1994-09-05	6.097	1.937	8.039	11.61	12.97	16.073
1994-09-06	5.03	1.705	6.867	12.97	14.41	13.602
1994-09-07	4.93	1.647	8.011	14.41	19.49	14.587
1994-09-08	5.345	1.714	9.358	19.49	17.45	16.416
1994-09-09	5.74	1.753	10.154	17.45	24.22	17.647
1994-09-10	7.545	1.917	13.317	24.22	41.61	22.779
1994-09-11	10.672	2.273	17.771	41.61	58.29	30.716
1994-09-12	14.162	3.114	25.723	58.29	78.25	43.0
1994-09-13	21.1	4.004	32.614	78.25	47.36	57.718
1994-09-14	22.575	4.15	33.952	47.36	69.31	60.677
1994-09-15	26.55	5.821	37.826	69.31	68.41	70.197
1994-09-16	28.65	5.694	33.613	68.41	34.88	67.957
1994-09-17	23.275	5.038	27.757	34.88	23.01	56.07
1994-09-18	20.895	4.889	24.14	23.01	18.87	49.923
1994-09-19	14.397	3.037	14.996	18.87	18.87	32.43
1994-09-20	9.105	2.568	10.618	18.87	24.02	22.292
1994-09-21	8.73	2.822	10.278	24.02	26.1	21.829
1994-09-22	9.135	2.952	10.25	26.1	18.27	22.337
1994-09-23	9.082	2.964	10.031	18.27	15.2	22.077
1994-09-24	8.847	2.801	9.588	15.2	42.36	21.236
1994-09-25	12.147	3.369	15.729	42.36	59.44	31.245
1994-09-26	15.047	3.751	18.902	59.44	32.42	37.701
1994-09-27	16.072	3.894	20.417	32.42	21.78	40.384
1994-09-28	16.627	3.949	21.261	21.78	17.77	41.838
1994-09-29	12.402	3.031	13.982	17.77	15.4	29.416
1994-09-30	8.487	2.514	10.137	15.4	15.49	21.138
1994-10-01	7.132	2.367	8.43	15.49	20.48	17.929
1994-10-02	7.072	2.541	11.279	20.48	65.22	20.892
1994-10-03	13.297	3.585	18.687	65.22	55.08	35.57
1994-10-04	16.862	4.071	21.719	55.08	31.18	42.652
1994-10-05	18.317	4.208	23.078	31.18	23.44	45.604
1994-10-06	18.575	4.038	20.042	23.44	19.71	42.655
1994-10-07	12.515	3.017	12.53	19.71	17.59	28.062
1994-10-08	9.15	2.561	9.783	17.59	17.71	21.493
1994-10-09	7.92	2.422	8.879	17.71	15.38	19.22
1994-10-10	7.125	2.353	8.328	15.38	14.3	17.806
1994-10-11	6.607	2.382	7.939	14.3	13.35	16.928
1994-10-12	6.185	2.444	7.282	13.35	12.78	15.911
1994-10-13	5.755	2.507	6.519	12.78	12.13	14.781
1994-10-14	5.45	2.592	6.046	12.13	11.81	14.087
1994-10-15	5.22	2.596	5.71	11.81	11.44	13.526
1994-10-16	5.06	2.575	5.525	11.44	11.74	13.16
1994-10-17	5.017	2.554	5.482	11.74	11.67	13.054
1994-10-18	4.967	2.527	5.475	11.67	12.37	12.97
1994-10-19	4.99	2.527	5.53	12.37	20.34	13.047
1994-10-20	6.252	2.9	6.869	20.34	38.84	16.021
1994-10-21	9.53	3.333	9.552	38.84	41.47	22.415
1994-10-22	12.68	3.882	15.196	41.47	100.9	31.757
1994-10-23	18.377	6.509	21.056	100.9	82.47	45.942
1994-10-24	25.437	7.106	25.704	82.47	57.03	58.247
1994-10-25	25.812	8.733	28.582	57.03	63.62	63.127
1994-10-26	26.687	10.297	30.19	63.62	50.23	67.175
1994-10-27	23.725	8.947	28.976	50.23	40.8	61.648
1994-10-28	17.4	8.658	26.969	40.8	33.32	53.027
1994-10-29	15.3	7.135	24.009	33.32	30.45	46.444
1994-10-30	12.725	5.939	19.066	30.45	55.25	37.73
1994-10-31	14.625	6.605	23.894	55.25	82.34	45.124
1994-11-01	17.575	8.86	28.225	82.34	52.2	54.66
1994-11-02	18.275	10.791	29.072	52.2	43.76	58.138
1994-11-03	18.95	12.527	31.444	43.76	63.13	62.921
1994-11-04	18.925	12.896	28.034	63.13	108.2	59.855
1994-11-05	21.961	12.918	26.456	108.2	108.4	61.335
1994-11-06	29.686	14.05	29.93	108.4	62.52	73.666
1994-11-07	31.661	13.452	29.287	62.52	45.96	74.401
1994-11-08	29.811	12.73	26.106	45.96	56.48	68.647
1994-11-09	25.05	13.064	26.867	56.48	79.89	64.98
1994-11-10	19.975	12.578	27.343	79.89	65.09	59.896
1994-11-11	19.725	13.465	28.401	65.09	66.21	61.591
1994-11-12	22.125	14.863	35.105	66.21	69.773	72.093
1994-11-13	25.506	14.741	38.139	69.773	75.957	78.386
1994-11-14	28.631	15.025	41.795	75.957	82.802	85.451
1994-11-15	34.012	15.716	48.125	82.802	88.346	97.854
1994-11-16	38.512	16.511	50.056	88.346	90.63	105.079
1994-11-17	37.731	17.202	48.312	90.63	87.73	103.245
1994-11-18	35.956	17.579	46.566	87.73	85.867	100.102
1994-11-19	34.227	17.671	44.338	85.867	84.574	96.236
1994-11-20	33.597	17.546	41.576	84.574	82.775	92.72
1994-11-21	37.622	17.286	40.905	82.775	79.39	95.812
1994-11-22	36.272	16.985	36.963	79.39	58.4	90.22
1994-11-23	32.495	15.394	31.958	58.4	49.85	79.847
1994-11-24	26.575	13.378	26.68	49.85	44.41	66.633
1994-11-25	19.45	11.224	21.478	44.41	39.81	52.152
1994-11-26	16.825	9.093	18.489	39.81	36.81	44.408
1994-11-27	15.15	8.098	16.403	36.81	32.22	39.652
1994-11-28	13.775	7.11	14.689	32.22	29.67	35.574
1994-11-29	12.625	6.25	13.332	29.67	27.54	32.208
1994-11-30	11.725	5.456	12.205	27.54	26.45	29.386
1994-12-01	10.975	4.834	11.24	26.45	24.38	27.049
1994-12-02	10.402	4.655	10.478	24.38	23.95	25.535
1994-12-03	10.252	4.911	11.623	23.95	90.54	26.787
1994-12-04	10.972	5.919	14.681	90.54	92.361	31.572
1994-12-05	13.155	7.931	19.723	92.361	93.887	40.809
1994-12-06	17.126	10.824	26.683	93.887	95.141	54.633
1994-12-07	22.654	13.982	33.534	95.141	96.152	70.17
1994-12-08	29.061	16.426	39.776	96.152	96.943	85.262
1994-12-09	35.284	17.902	44.58	96.943	97.542	97.765
1994-12-10	40.26	18.498	47.586	97.542	97.974	106.344
1994-12-11	43.326	18.448	49.032	97.974	98.265	110.806
1994-12-12	44.43	18.367	49.359	98.265	98.44	112.157
1994-12-13	43.839	18.251	49.205	98.44	98.527	111.295
1994-12-14	42.135	18.093	48.943	98.527	98.55	109.171
1994-12-15	39.817	17.89	44.865	98.55	82.78	102.571
1994-12-16	36.661	17.254	41.452	82.78	73.66	95.367
1994-12-17	32.446	16.424	39.042	73.66	77.152	87.911
1994-12-18	29.276	15.521	38.555	77.152	83.638	83.353
1994-12-19	27.55	14.591	43.157	83.638	87.13	85.298
1994-12-20	27.4	13.958	42.524	87.13	63.21	83.882
1994-12-21	26.675	13.01	38.866	63.21	51.71	78.551
1994-12-22	24.649	11.823	32.188	51.71	44.81	68.661
1994-12-23	21.4	10.548	23.516	44.81	41.37	55.464
1994-12-24	17.675	9.344	19.285	41.37	49.17	46.304
1994-12-25	17.025	8.836	19.222	49.17	71.25	45.083
1994-12-26	19.3	9.377	21.527	71.25	81.239	50.204
1994-12-27	22.651	10.47	25.629	81.239	89.946	58.75
1994-12-28	26.553	11.99	30.826	89.946	97.278	69.369
1994-12-29	29.911	13.653	34.717	97.278	103.142	78.281
1994-12-30	31.536	14.872	38.026	103.142	107.446	84.434
1994-12-31	32.795	15.901	40.648	107.446	110.096	89.344
1995-01-01	33.709	16.712	42.477	110.096	111.0	92.899
1995-01-02	34.301	17.276	40.046	111.0	75.25	91.623
1995-01-03	31.9	16.93	35.672	75.25	63.81	84.502
1995-01-04	28.516	16.163	30.312	63.81	109.1	74.991
1995-01-05	30.925	15.449	25.32	109.1	105.12	71.694
1995-01-06	31.85	15.0	25.03	105.12	97.96	71.88
1995-01-07	34.05	15.389	27.591	97.96	90.79	77.03
1995-01-08	37.425	15.856	32.851	90.79	86.84	86.132
1995-01-09	33.6	15.921	38.721	86.84	106.0	88.243
1995-01-10	32.475	15.924	44.28	106.0	98.852	92.679
1995-01-11	32.468	16.095	48.814	98.852	83.9	97.378
1995-01-12	31.293	14.911	45.224	83.9	60.6	91.429
1995-01-13	29.518	13.732	39.197	60.6	59.33	82.447
1995-01-14	26.293	12.546	33.386	59.33	70.24	72.225
1995-01-15	24.35	11.076	28.423	70.24	63.19	63.849
1995-01-16	22.6	10.798	27.801	63.19	71.23	61.2
1995-01-17	25.375	11.323	32.152	71.23	80.28	68.849
1995-01-18	29.371	12.532	36.714	80.28	91.41	78.618
1995-01-19	32.921	13.017	37.108	91.41	108.3	83.047
1995-01-20	37.262	14.589	42.132	108.3	109.561	93.983
1995-01-21	39.113	15.783	43.481	109.561	110.095	98.377
1995-01-22	40.041	16.191	43.403	110.095	110.368	99.635
1995-01-23	40.545	17.366	45.993	110.368	110.848	103.903
1995-01-24	40.936	17.845	45.368	110.848	112.0	104.149
1995-01-25	41.285	18.182	44.387	112.0	119.4	103.854
1995-01-26	41.65	18.425	41.649	119.4	114.3	101.724
1995-01-27	42.064	18.595	37.713	114.3	113.011	98.372
1995-01-28	42.534	18.699	34.272	113.011	112.169	95.504
1995-01-29	43.046	18.743	31.771	112.169	111.655	93.56
1995-01-30	43.577	18.726	31.911	111.655	111.352	94.214
1995-01-31	44.107	18.659	34.333	111.352	111.14	97.099
1995-02-01	44.618	18.556	37.435	111.14	110.9	100.609
1995-02-02	45.089	18.415	40.765	110.9	110.515	104.269
1995-02-03	45.502	18.234	43.867	110.515	109.866	107.603
1995-02-04	45.837	18.009	46.289	109.866	108.834	110.135
1995-02-05	46.075	17.739	45.185	108.834	107.3	109.0
1995-02-06	43.767	17.422	42.428	107.3	85.22	103.616
1995-02-07	39.708	16.832	38.197	85.22	89.57	94.737
1995-02-08	35.925	16.629	34.764	89.57	76.91	87.318
1995-02-09	30.95	15.3	32.167	76.91	79.76	78.417
1995-02-10	29.625	14.848	30.842	79.76	81.268	75.315
1995-02-11	30.446	14.73	30.783	81.268	82.702	75.959
1995-02-12	31.377	14.298	30.069	82.702	84.058	75.743
1995-02-13	33.882	15.077	31.51	84.058	85.333	80.468
1995-02-14	35.552	15.075	32.912	85.333	86.525	83.539
1995-02-15	37.082	15.071	34.325	86.525	87.629	86.478
1995-02-16	38.473	15.066	35.729	87.629	88.643	89.269
1995-02-17	39.727	15.059	37.105	88.643	89.564	91.891
1995-02-18	40.848	15.05	38.431	89.564	90.388	94.328
1995-02-19	41.835	15.037	39.688	90.388	91.112	96.561
1995-02-20	42.693	15.022	40.857	91.112	91.734	98.571
1995-02-21	43.422	15.003	41.916	91.734	92.25	100.341
1995-02-22	44.025	14.98	42.846	92.25	92.656	101.851
1995-02-23	44.503	14.952	43.628	92.656	92.951	103.084
1995-02-24	44.859	14.92	44.241	92.951	93.13	104.021
1995-02-25	45.095	14.884	44.665	93.13	93.19	104.644
1995-02-26	41.977	14.841	42.362	93.19	74.32	99.181
1995-02-27	37.436	14.013	39.887	74.32	93.91	91.336
1995-02-28	37.275	13.187	41.679	93.91	92.971	92.142
1995-03-01	36.699	13.037	42.996	92.971	90.235	92.731
1995-03-02	38.349	13.563	45.766	90.235	85.82	97.679
1995-03-03	38.249	14.382	45.724	85.82	70.17	98.356
1995-03-04	32.649	14.67	39.916	70.17	80.91	87.235
1995-03-05	28.35	15.668	39.365	80.91	99.76	83.383
1995-03-06	27.075	15.318	38.582	99.76	74.98	80.975
1995-03-07	26.5	14.691	38.181	74.98	65.88	79.372
1995-03-08	26.45	14.548	38.12	65.88	61.27	79.117
1995-03-09	25.225	12.901	32.78	61.27	71.17	70.906
1995-03-10	23.0	11.618	34.047	71.17	116.1	68.665
1995-03-11	25.692	10.675	37.491	116.1	111.3	73.858
1995-03-12	30.792	10.387	41.218	111.3	71.55	82.397
1995-03-13	31.742	9.747	42.42	71.55	62.09	83.908
1995-03-14	31.467	9.095	38.13	62.09	58.38	78.692
1995-03-15	28.125	8.906	32.858	58.38	49.53	69.89
1995-03-16	21.975	8.052	27.265	49.53	61.78	57.292
1995-03-17	23.1	8.271	29.123	61.78	93.22	60.494
1995-03-18	26.1	10.003	32.969	93.22	80.6	69.072
1995-03-19	28.8	10.571	35.03	80.6	57.9	74.4
1995-03-20	29.7	10.546	35.924	57.9	46.13	76.17
1995-03-21	26.75	9.582	31.167	46.13	40.86	67.5
1995-03-22	21.775	7.321	24.006	40.86	40.86	53.101
1995-03-23	18.25	6.025	20.032	40.86	40.43	44.306
1995-03-24	17.175	5.395	18.148	40.43	64.58	40.718
1995-03-25	18.975	5.342	23.962	64.58	62.84	48.279
1995-03-26	20.675	5.432	30.527	62.84	102.4	56.635
1995-03-27	26.575	6.434	35.331	102.4	64.95	68.339
1995-03-28	27.7	6.999	37.797	64.95	50.25	72.495
1995-03-29	26.4	7.144	32.168	50.25	52.39	65.712
1995-03-30	26.925	7.524	27.782	52.39	76.74	62.23
1995-03-31	25.95	7.488	26.744	76.74	62.72	60.181
1995-04-01	26.325	7.502	27.308	62.72	49.5	61.135
1995-04-02	26.1	7.433	27.465	49.5	40.47	60.998
1995-04-03	23.875	6.918	25.083	40.47	35.43	55.877
1995-04-04	17.925	5.909	20.384	35.43	31.7	44.218
1995-04-05	15.45	5.18	16.288	31.7	29.57	36.918
1995-04-06	13.9	4.642	14.003	29.57	27.77	32.546
1995-04-07	12.825	4.269	12.701	27.77	25.67	29.795
1995-04-08	11.95	4.018	11.725	25.67	24.25	27.692
1995-04-09	11.25	3.831	10.951	24.25	23.77	26.032
1995-04-10	10.725	3.724	10.254	23.77	22.66	24.703
1995-04-11	10.25	3.611	9.649	22.66	21.52	23.51
1995-04-12	9.867	3.518	9.181	21.52	19.85	22.566
1995-04-13	9.455	3.409	8.742	19.85	19.57	21.606
1995-04-14	9.05	3.371	8.335	19.57	19.38	20.756
1995-04-15	8.737	3.367	7.975	19.38	18.88	20.08
1995-04-16	8.527	3.383	7.714	18.88	18.71	19.625
1995-04-17	8.42	3.458	7.524	18.71	19.71	19.402
1995-04-18	8.472	3.541	7.525	19.71	19.71	19.538
1995-04-19	8.547	3.538	7.655	19.71	19.44	19.741
1995-04-20	8.63	3.549	7.659	19.44	19.19	19.839
1995-04-21	8.667	3.512	7.651	19.19	19.12	19.83
1995-04-22	8.542	3.576	7.747	19.12	32.45	19.866
1995-04-23	10.78	3.876	9.699	32.45	33.44	24.356
1995-04-24	12.44	3.899	10.644	33.44	27.08	26.983
1995-04-25	13.547	3.898	11.205	27.08	22.33	28.651
1995-04-26	14.025	3.654	11.17	22.33	19.38	28.849
1995-04-27	11.835	3.228	8.977	19.38	17.92	24.04
1995-04-28	10.075	3.062	7.842	17.92	16.98	20.979
1995-04-29	8.807	2.947	7.008	16.98	16.26	18.763
1995-04-30	8.15	2.884	6.508	16.26	15.72	17.542
1995-05-01	7.757	2.84	6.189	15.72	14.89	16.787
1995-05-02	7.48	2.76	5.953	14.89	13.56	16.193
1995-05-03	7.255	2.653	5.774	13.56	12.56	15.682
1995-05-04	7.045	2.561	5.602	12.56	11.91	15.208
1995-05-05	6.842	2.46	5.389	11.91	11.54	14.692
1995-05-06	6.727	2.405	5.158	11.54	11.73	14.29
1995-05-07	6.645	2.379	4.968	11.73	12.3	13.991
1995-05-08	6.577	2.346	4.804	12.3	12.14	13.727
1995-05-09	6.537	2.325	4.703	12.14	12.12	13.565
1995-05-10	6.482	2.303	4.643	12.12	12.01	13.429
1995-05-11	6.43	2.291	4.565	12.01	11.82	13.286
1995-05-12	6.385	2.284	4.49	11.82	11.5	13.159
1995-05-13	6.32	2.262	4.435	11.5	11.2	13.017
1995-05-14	6.207	2.242	4.393	11.2	11.47	12.843
1995-05-15	6.115	2.235	4.383	11.47	12.04	12.733
1995-05-16	6.082	2.249	4.466	12.04	14.42	12.798
1995-05-17	6.445	2.622	4.745	14.42	14.61	13.812
1995-05-18	6.852	2.753	5.018	14.61	13.72	14.623
1995-05-19	7.225	2.792	5.28	13.72	13.68	15.296
1995-05-20	7.532	2.788	5.449	13.68	12.64	15.769
1995-05-21	7.225	2.43	5.324	12.64	12.27	14.979
1995-05-22	6.812	2.305	5.129	12.27	11.81	14.247
1995-05-23	6.382	2.248	4.929	11.81	12.16	13.56
1995-05-24	6.055	2.334	4.93	12.16	17.4	13.32
1995-05-25	6.852	2.695	5.293	17.4	17.25	14.841
1995-05-26	7.555	2.764	5.613	17.25	14.84	15.932
1995-05-27	7.9	2.853	5.842	14.84	16.49	16.595
1995-05-28	8.337	2.943	6.653	16.49	21.29	17.934
1995-05-29	8.342	2.625	7.542	21.29	18.77	18.509
1995-05-30	8.067	2.605	8.31	18.77	17.06	18.982
1995-05-31	8.062	2.528	8.81	17.06	14.69	19.401
1995-06-01	7.705	2.298	8.208	14.69	13.33	18.212
1995-06-02	6.802	2.196	7.105	13.33	12.12	16.104
1995-06-03	6.355	2.153	6.239	12.12	12.06	14.747
1995-06-04	6.115	2.142	5.729	12.06	14.73	13.987
1995-06-05	6.045	2.126	6.026	14.73	13.59	14.197
1995-06-06	5.975	2.117	6.161	13.59	12.16	14.253
1995-06-07	5.857	2.046	6.107	12.16	11.54	14.01
1995-06-08	5.655	1.994	5.989	11.54	10.68	13.638
1995-06-09	5.395	1.951	5.27	10.68	10.16	12.616
1995-06-10	5.21	1.918	4.838	10.16	10.48	11.967
1995-06-11	5.12	1.941	4.603	10.48	10.31	11.664
1995-06-12	5.045	1.924	4.408	10.31	10.09	11.377
1995-06-13	5.002	1.916	4.333	10.09	9.709	11.252
1995-06-14	4.942	1.905	4.259	9.709	9.328	11.107
1995-06-15	4.775	1.84	4.152	9.328	8.953	10.768
1995-06-16	4.592	1.807	4.057	8.953	9.006	10.456
1995-06-17	4.47	1.797	3.97	9.006	8.962	10.236
1995-06-18	4.452	1.789	3.907	8.962	8.938	10.149
1995-06-19	4.46	1.783	3.916	8.938	8.594	10.159
1995-06-20	4.435	1.766	4.156	8.594	12.8	10.357
1995-06-21	4.63	1.733	5.196	12.8	11.43	11.559
1995-06-22	4.695	1.685	5.6	11.43	9.522	11.98
1995-06-23	4.65	1.643	5.694	9.522	8.454	11.987
1995-06-24	4.585	1.62	5.471	8.454	8.221	11.676
1995-06-25	4.28	1.611	4.426	8.221	8.236	10.317
1995-06-26	4.082	1.623	3.985	8.236	7.895	9.69
1995-06-27	3.98	1.616	3.771	7.895	7.297	9.367
1995-06-28	3.887	1.601	3.648	7.297	6.596	9.136
1995-06-29	3.765	1.579	3.498	6.596	6.59	8.842
1995-06-30	3.587	1.533	3.343	6.59	6.517	8.464
1995-07-01	3.452	1.467	3.214	6.517	6.622	8.134
1995-07-02	3.392	1.407	3.115	6.622	6.516	7.914
1995-07-03	3.372	1.354	3.056	6.516	6.486	7.782
1995-07-04	3.387	1.32	3.051	6.486	6.481	7.758
1995-07-05	3.41	1.322	3.057	6.481	6.434	7.789
1995-07-06	3.465	1.329	3.061	6.434	6.253	7.855
1995-07-07	3.477	1.329	3.068	6.253	6.155	7.874
1995-07-08	3.51	1.324	3.212	6.155	8.088	8.047
1995-07-09	3.705	1.308	3.525	8.088	7.286	8.538
1995-07-10	3.71	1.285	3.647	7.286	6.438	8.642
1995-07-11	3.717	1.273	3.724	6.438	6.496	8.714
1995-07-12	3.705	1.308	3.625	6.496	6.782	8.638
1995-07-13	3.615	1.345	3.504	6.782	8.683	8.464
1995-07-14	3.962	1.401	3.576	8.683	8.091	8.94
1995-07-15	4.097	1.466	3.589	8.091	7.021	9.152
1995-07-16	4.142	1.447	3.582	7.021	6.687	9.171
1995-07-17	4.107	1.463	3.422	6.687	7.742	8.992
1995-07-18	3.83	1.485	3.634	7.742	9.991	8.949
1995-07-19	3.772	1.443	4.624	9.991	9.033	9.84
1995-07-20	3.802	1.418	5.102	9.033	7.94	10.323
1995-07-21	3.825	1.419	5.33	7.94	7.088	10.574
1995-07-22	3.7	1.349	5.047	7.088	6.707	10.096
1995-07-23	3.58	1.302	4.09	6.707	6.377	8.971
1995-07-24	3.447	1.289	3.646	6.377	5.951	8.382
1995-07-25	3.302	1.223	3.419	5.951	5.619	7.944
1995-07-26	3.242	1.204	3.298	5.619	5.541	7.745
1995-07-27	3.197	1.202	3.157	5.541	5.406	7.556
1995-07-28	3.137	1.187	3.032	5.406	5.287	7.356
1995-07-29	3.032	1.172	2.916	5.287	5.201	7.121
1995-07-30	2.907	1.15	2.791	5.201	5.046	6.849
1995-07-31	2.762	1.133	2.783	5.046	5.491	6.679
1995-08-01	2.662	1.12	2.827	5.491	5.234	6.609
1995-08-02	2.622	1.108	2.848	5.234	4.814	6.579
1995-08-03	2.565	1.096	2.836	4.814	4.433	6.496
1995-08-04	2.535	1.081	2.696	4.433	4.578	6.312
1995-08-05	2.477	1.074	2.533	4.578	4.605	6.085
1995-08-06	2.435	1.074	2.42	4.605	4.596	5.929
1995-08-07	2.455	1.076	2.363	4.596	4.696	5.894
1995-08-08	2.447	1.08	2.336	4.696	4.581	5.864
1995-08-09	2.43	1.08	2.314	4.581	4.259	5.824
1995-08-10	2.402	1.076	2.288	4.259	4.145	5.767
1995-08-11	2.367	1.08	2.257	4.145	4.151	5.705
1995-08-12	2.392	1.086	2.251	4.151	4.447	5.73
1995-08-13	2.45	1.097	2.234	4.447	4.381	5.781
1995-08-14	2.492	1.094	2.224	4.381	4.202	5.81
1995-08-15	2.51	1.086	2.218	4.202	4.075	5.814
1995-08-16	2.487	1.07	2.19	4.075	3.858	5.747
1995-08-17	2.432	1.052	2.163	3.858	4.121	5.647
1995-08-18	2.39	1.042	2.136	4.121	4.175	5.568
1995-08-19	2.367	1.037	2.127	4.175	4.011	5.531
1995-08-20	2.362	1.032	2.129	4.011	3.965	5.524
1995-08-21	2.337	1.026	2.122	3.965	4.138	5.485
1995-08-22	2.285	1.018	2.107	4.138	3.694	5.41
1995-08-23	2.217	1.019	2.081	3.694	3.757	5.317
1995-08-24	2.135	1.015	2.038	3.757	3.748	5.188
1995-08-25	2.095	1.015	2.004	3.748	4.245	5.113
1995-08-26	2.105	1.029	2.017	4.245	4.55	5.151
1995-08-27	2.18	1.045	2.039	4.55	4.548	5.264
1995-08-28	2.222	1.059	2.068	4.548	4.429	5.35
1995-08-29	2.242	1.065	2.129	4.429	4.621	5.436
1995-08-30	2.26	1.06	2.168	4.621	4.633	5.488
1995-08-31	2.23	1.059	2.213	4.633	4.687	5.502
1995-09-01	2.24	1.07	2.262	4.687	4.772	5.573
1995-09-02	2.292	1.105	2.288	4.772	4.936	5.686
1995-09-03	2.37	1.134	2.301	4.936	5.218	5.805
1995-09-04	2.525	1.15	2.341	5.218	5.341	6.017
1995-09-05	2.637	1.159	2.366	5.341	5.253	6.163
1995-09-06	2.702	1.151	2.385	5.253	8.918	6.238
1995-09-07	3.337	1.746	2.719	8.918	22.79	7.802
1995-09-08	4.932	3.852	3.584	22.79	20.01	12.368
1995-09-09	6.157	4.525	4.378	20.01	11.31	15.061
1995-09-10	6.87	4.717	4.754	11.31	15.12	16.341
1995-09-11	7.657	4.8	4.988	15.12	18.72	17.446
1995-09-12	7.452	2.986	5.221	18.72	14.16	15.66
1995-09-13	6.97	2.504	5.109	14.16	10.98	14.583
1995-09-14	6.797	2.438	5.176	10.98	9.331	14.412
1995-09-15	5.782	1.842	4.972	9.331	8.33	12.597
1995-09-16	4.605	1.603	4.115	8.33	7.606	10.323
1995-09-17	4.082	1.458	3.636	7.606	7.519	9.176
1995-09-18	3.795	1.382	3.394	7.519	7.272	8.571
1995-09-19	3.597	1.343	3.228	7.272	6.839	8.168
1995-09-20	3.465	1.323	3.124	6.839	6.588	7.912
1995-09-21	3.34	1.308	3.038	6.588	6.28	7.686
1995-09-22	3.182	1.296	2.935	6.28	6.04	7.413
1995-09-23	3.067	1.282	2.832	6.04	6.284	7.182
1995-09-24	3.017	1.291	3.341	6.284	13.2	7.649
1995-09-25	3.69	1.336	4.576	13.2	18.67	9.602
1995-09-26	4.335	1.694	7.697	18.67	17.88	13.726
1995-09-27	4.995	1.932	9.187	17.88	12.14	16.113
1995-09-28	5.325	2.023	9.645	12.14	10.73	16.993
1995-09-29	4.917	2.03	9.073	10.73	9.433	16.02
1995-09-30	4.44	1.71	6.439	9.433	8.584	12.589
1995-10-01	3.93	1.567	5.32	8.584	9.635	10.817
1995-10-02	3.765	1.521	5.213	9.635	11.2	10.499
1995-10-03	3.977	1.51	5.437	11.2	24.47	10.924
1995-10-04	5.385	1.507	10.593	24.47	31.62	17.485
1995-10-05	7.577	1.478	13.443	31.62	32.1	22.498
1995-10-06	10.537	1.53	19.952	32.1	56.63	32.019
1995-10-07	15.01	1.763	24.565	56.63	28.7	41.338
1995-10-08	15.25	1.852	22.139	28.7	20.15	39.241
1995-10-09	14.175	1.874	20.792	20.15	12.82	36.842
1995-10-10	11.755	1.818	14.499	12.82	11.69	28.073
1995-10-11	7.275	1.594	9.789	11.69	9.747	18.658
1995-10-12	5.825	1.512	7.175	9.747	9.052	14.512
1995-10-13	4.87	1.471	5.764	9.052	8.775	12.105
1995-10-14	4.392	1.458	4.982	8.775	8.092	10.832
1995-10-15	4.07	1.453	4.449	8.092	8.045	9.972
1995-10-16	3.825	1.442	4.137	8.045	8.661	9.404
1995-10-17	3.715	1.512	4.399	8.661	17.19	9.626
1995-10-18	4.155	1.536	6.71	17.19	14.48	12.401
1995-10-19	4.53	1.538	7.493	14.48	11.44	13.562
1995-10-20	4.735	1.546	8.307	11.44	12.02	14.589
1995-10-21	4.955	1.48	8.614	12.02	10.47	15.049
1995-10-22	4.54	1.448	6.617	10.47	9.249	12.605
1995-10-23	4.167	1.432	6.066	9.249	9.187	11.665
1995-10-24	4.045	1.422	5.531	9.187	13.35	10.998
1995-10-25	4.205	1.549	6.915	13.35	22.87	12.669
1995-10-26	5.52	1.59	8.601	22.87	15.78	15.711
1995-10-27	6.11	1.611	9.395	15.78	13.41	17.116
1995-10-28	6.445	1.612	10.038	13.41	11.75	18.094
1995-10-29	6.267	1.47	8.508	11.75	10.26	16.246
1995-10-30	4.98	1.423	6.805	10.26	9.343	13.209
1995-10-31	4.435	1.412	6.016	9.343	8.601	11.863
1995-11-01	4.052	1.394	5.233	8.601	8.094	10.68
1995-11-02	3.802	1.386	4.718	8.094	7.742	9.907
1995-11-03	3.642	1.375	4.365	7.742	7.14	9.383
1995-11-04	3.49	1.343	4.136	7.14	6.907	8.969
1995-11-05	3.377	1.327	3.946	6.907	6.761	8.65
1995-11-06	3.272	1.312	3.787	6.761	6.478	8.371
1995-11-07	3.177	1.308	3.683	6.478	6.395	8.168
1995-11-08	3.157	1.326	3.574	6.395	6.783	8.057
1995-11-09	3.182	1.382	3.522	6.783	7.23	8.087
1995-11-10	3.247	1.455	3.54	7.23	10.64	8.243
1995-11-11	3.847	1.824	6.216	10.64	59.55	11.887
1995-11-12	10.825	2.716	13.631	59.55	35.39	27.172
1995-11-13	12.972	2.949	16.164	35.39	20.0	32.085
1995-11-14	14.067	3.022	17.57	20.0	17.3	34.659
1995-11-15	14.515	2.837	16.686	17.3	76.99	34.038
1995-11-16	11.076	2.552	12.572	76.99	66.66	26.2
1995-11-17	14.951	2.693	14.565	66.66	31.58	32.209
1995-11-18	16.309	2.731	15.401	31.58	21.68	34.44
1995-11-19	16.901	2.656	15.066	21.68	18.17	34.623
1995-11-20	14.802	2.126	12.875	18.17	16.77	29.803
1995-11-21	9.977	1.796	9.263	16.77	20.67	21.037
1995-11-22	9.352	1.718	9.214	20.67	22.52	20.284
1995-11-23	9.327	1.703	9.725	22.52	37.03	20.756
1995-11-24	12.265	1.72	19.02	37.03	88.54	33.005
1995-11-25	19.24	1.883	27.958	88.54	45.18	49.08
1995-11-26	20.515	2.021	30.359	45.18	33.22	52.895
1995-11-27	21.45	2.148	31.376	33.22	25.97	54.974
1995-11-28	19.075	2.204	23.164	25.97	22.97	44.443
1995-11-29	12.625	2.096	15.105	22.97	21.25	29.826
1995-11-30	11.05	2.031	12.068	21.25	18.87	25.149
1995-12-01	9.802	1.972	10.286	18.87	16.8	22.06
1995-12-02	8.89	1.978	9.123	16.8	19.35	19.992
1995-12-03	8.675	2.327	8.699	19.35	38.07	19.701
1995-12-04	10.325	3.62	10.093	38.07	36.07	24.038
1995-12-05	11.997	4.09	11.092	36.07	27.62	27.179
1995-12-06	13.235	4.396	11.693	27.62	29.03	29.324
1995-12-07	14.275	4.533	11.944	29.03	26.62	30.752
1995-12-08	13.15	3.563	10.372	26.62	22.38	27.085
1995-12-09	11.845	3.299	9.351	22.38	25.32	24.495
1995-12-10	11.77	3.21	11.217	25.32	36.19	26.198
1995-12-11	12.045	3.013	12.777	36.19	25.58	27.835
1995-12-12	11.77	2.771	13.326	25.58	21.41	27.866
1995-12-13	11.65	2.6	13.718	21.41	20.0	27.968
1995-12-14	10.842	2.424	11.637	20.0	19.4	24.904
1995-12-15	9.492	2.206	9.727	19.4	19.1	21.426
1995-12-16	9.152	2.156	8.929	19.1	18.54	20.237
1995-12-17	9.17	2.149	8.394	18.54	17.29	19.713
1995-12-18	9.012	2.116	7.89	17.29	15.99	19.019
1995-12-19	8.627	2.107	7.396	15.99	15.33	18.13
1995-12-20	8.25	2.112	6.969	15.33	14.81	17.331
1995-12-21	7.672	2.119	6.567	14.81	35.64	16.359
1995-12-22	11.187	4.342	11.925	35.64	99.21	27.454
1995-12-23	15.944	6.438	19.108	99.21	63.44	41.491
1995-12-24	21.112	7.279	22.309	63.44	38.36	50.7
1995-12-25	23.572	7.738	24.097	38.36	25.95	55.407
1995-12-26	20.897	5.794	19.193	25.95	19.98	45.883
1995-12-27	17.025	3.787	12.643	19.98	16.57	33.456
1995-12-28	12.05	3.036	10.124	16.57	16.63	25.21
1995-12-29	10.072	2.672	9.111	16.63	15.82	21.855
1995-12-30	9.05	2.488	9.151	15.82	17.9	20.689
1995-12-31	8.335	2.612	8.754	17.9	18.88	19.701
1996-01-01	8.42	2.77	8.338	18.88	21.18	19.528
1996-01-02	8.722	2.996	8.331	21.18	22.95	20.05
1996-01-03	9.345	3.285	8.686	22.95	30.86	21.316
1996-01-04	11.085	3.507	11.089	30.86	48.28	25.681
1996-01-05	14.875	4.008	15.906	48.28	69.82	34.789
1996-01-06	20.95	5.146	21.771	69.82	87.5	47.867
1996-01-07	29.425	7.682	31.081	87.5	111.7	68.188
1996-01-08	36.188	10.278	39.879	111.7	102.634	86.346
1996-01-09	39.746	12.782	46.716	102.634	84.33	99.244
1996-01-10	39.221	13.425	46.086	84.33	58.66	98.732
1996-01-11	33.696	12.318	40.203	58.66	66.55	86.217
1996-01-12	30.732	11.594	34.639	66.55	101.4	76.965
1996-01-13	30.423	10.87	30.102	101.4	100.9	71.395
1996-01-14	32.348	10.697	32.39	100.9	61.25	75.434
1996-01-15	32.323	10.436	32.702	61.25	46.7	75.461
1996-01-16	28.998	9.49	29.963	46.7	39.46	68.45
1996-01-17	23.55	8.07	24.906	39.46	32.78	56.526
1996-01-18	16.95	6.617	18.495	32.78	29.13	42.062
1996-01-19	14.625	5.5	15.164	29.13	27.66	35.289
1996-01-20	13.35	4.556	13.314	27.66	27.16	31.221
1996-01-21	12.6	3.876	12.211	27.16	25.62	28.687
1996-01-22	11.975	3.766	11.411	25.62	23.95	27.151
1996-01-23	11.475	3.704	10.852	23.95	22.13	26.032
1996-01-24	10.895	3.57	10.171	22.13	20.28	24.636
1996-01-25	10.13	3.369	9.404	20.28	18.58	22.903
1996-01-26	9.425	3.212	8.684	18.58	18.11	21.321
1996-01-27	8.857	3.091	8.041	18.11	18.05	19.989
1996-01-28	8.48	3.057	7.564	18.05	18.26	19.101
1996-01-29	8.315	3.037	7.31	18.26	18.13	18.662
1996-01-30	8.367	3.058	7.183	18.13	19.88	18.609
1996-01-31	8.81	3.102	7.079	19.88	21.32	18.991
1996-02-01	9.317	3.151	7.009	21.32	21.32	19.477
1996-02-02	9.722	3.318	6.915	21.32	21.71	19.956
1996-02-03	10.35	3.502	6.914	21.71	25.15	20.766
1996-02-04	11.175	3.738	6.956	25.15	24.38	21.869
1996-02-05	11.575	3.812	6.998	24.38	21.76	22.384
1996-02-06	11.625	3.716	6.956	21.76	19.01	22.297
1996-02-07	11.11	3.521	6.85	19.01	17.25	21.481
1996-02-08	9.835	3.174	6.658	17.25	20.58	19.667
1996-02-09	10.035	3.848	6.801	20.58	60.62	20.684
1996-02-10	14.91	5.693	17.371	60.62	78.687	37.974
1996-02-11	20.704	7.942	27.835	78.687	93.607	56.481
1996-02-12	27.229	10.529	37.959	93.607	104.882	75.717
1996-02-13	33.049	12.434	47.142	104.882	112.012	92.625
1996-02-14	34.95	13.395	45.131	112.012	114.5	93.477
1996-02-15	36.471	14.061	41.072	114.5	114.369	91.605
1996-02-16	37.65	14.303	38.962	114.369	113.893	90.915
1996-02-17	38.523	14.004	39.035	113.893	112.945	91.562
1996-02-18	39.129	13.985	39.619	112.945	111.4	92.733
1996-02-19	39.503	14.332	41.5	111.4	69.55	95.336
1996-02-20	35.55	13.977	38.329	69.55	54.79	87.856
1996-02-21	30.756	13.31	32.349	54.79	52.58	76.415
1996-02-22	27.225	12.131	26.851	52.58	66.0	66.208
1996-02-23	25.775	10.7	22.524	66.0	91.42	58.998
1996-02-24	31.525	10.463	24.075	91.42	104.7	66.063
1996-02-25	36.497	10.893	29.034	104.7	74.81	76.424
1996-02-26	37.647	10.979	30.532	74.81	58.99	79.158
1996-02-27	34.722	10.953	30.341	58.99	50.42	76.016
1996-02-28	27.997	10.3	27.113	50.42	44.56	65.41
1996-02-29	22.3	9.464	21.125	44.56	42.51	52.889
1996-03-01	19.125	8.896	18.597	42.51	42.84	46.618
1996-03-02	18.45	7.692	17.954	42.84	49.6	44.096
1996-03-03	20.1	6.722	18.119	49.6	52.67	44.941
1996-03-04	22.15	5.88	18.936	52.67	45.33	46.966
1996-03-05	22.7	5.132	18.523	45.33	36.83	46.355
1996-03-06	21.875	4.893	16.964	36.83	33.24	43.732
1996-03-07	19.2	4.5	14.965	33.24	31.39	38.665
1996-03-08	16.45	4.078	12.833	31.39	28.85	33.361
1996-03-09	14.875	3.845	11.596	28.85	26.76	30.317
1996-03-10	13.875	3.634	10.969	26.76	25.89	28.477
1996-03-11	13.125	3.61	10.577	25.89	29.22	27.311
1996-03-12	12.75	3.864	10.608	29.22	30.08	27.222
1996-03-13	12.55	3.957	10.688	30.08	27.33	27.196
1996-03-14	12.475	4.061	10.572	27.33	26.48	27.108
1996-03-15	12.475	4.243	10.447	26.48	29.56	27.165
1996-03-16	12.65	4.748	10.372	29.56	38.89	27.77
1996-03-17	13.925	5.793	10.863	38.89	39.75	30.581
1996-03-18	15.225	6.588	11.942	39.75	39.42	33.755
1996-03-19	16.35	7.132	13.689	39.42	40.85	37.171
1996-03-20	17.25	7.006	15.284	40.85	38.01	39.54
1996-03-21	16.825	6.269	15.975	38.01	43.07	39.069
1996-03-22	17.85	6.026	17.347	43.07	46.38	41.224
1996-03-23	18.75	6.055	17.927	46.38	49.81	42.732
1996-03-24	20.0	6.098	19.197	49.81	46.05	45.295
1996-03-25	20.975	6.077	19.975	46.05	38.93	47.027
1996-03-26	19.875	5.778	19.005	38.93	34.02	44.658
1996-03-27	18.6	5.292	17.694	34.02	30.28	41.586
1996-03-28	16.45	4.842	15.056	30.28	27.85	36.348
1996-03-29	14.725	4.481	13.133	27.85	25.08	32.339
1996-03-30	13.45	4.132	11.698	25.08	23.31	29.28
1996-03-31	12.4	4.013	10.621	23.31	23.26	27.034
1996-04-01	11.55	3.979	9.787	23.26	20.73	25.316
1996-04-02	10.73	3.824	9.058	20.73	19.42	23.612
1996-04-03	10.08	3.694	8.479	19.42	18.4	22.253
1996-04-04	9.555	3.406	7.974	18.4	17.77	20.935
1996-04-05	9.142	3.052	7.592	17.77	17.29	19.786
1996-04-06	8.857	2.902	7.329	17.29	16.94	19.089
1996-04-07	8.677	2.79	7.133	16.94	16.52	18.601
1996-04-08	8.515	2.692	7.031	16.52	16.33	18.239
1996-04-09	8.452	2.646	6.994	16.33	17.87	18.093
1996-04-10	8.592	2.639	7.142	17.87	17.41	18.373
1996-04-11	8.575	2.631	7.254	17.41	16.91	18.46
1996-04-12	8.55	2.658	7.357	16.91	16.41	18.564
1996-04-13	8.397	2.665	7.361	16.41	15.39	18.423
1996-04-14	7.957	2.62	7.12	15.39	14.82	17.697
1996-04-15	7.662	2.589	6.927	14.82	14.87	17.179
1996-04-16	7.465	2.532	6.747	14.87	14.88	16.745
1996-04-17	7.352	2.516	6.705	14.88	16.84	16.574
1996-04-18	7.41	2.638	8.508	16.84	34.25	18.555
1996-04-19	8.702	2.85	12.079	34.25	24.36	23.632
1996-04-20	9.11	2.925	13.353	24.36	18.61	25.388
1996-04-21	9.185	2.965	13.991	18.61	17.85	26.141
1996-04-22	9.097	2.936	12.59	17.85	29.55	24.623
1996-04-23	9.347	3.494	13.613	29.55	50.88	26.454
1996-04-24	11.825	3.824	18.34	50.88	48.77	33.99
1996-04-25	14.065	4.059	22.665	48.77	35.72	40.788
1996-04-26	15.6	4.128	24.636	35.72	26.47	44.364
1996-04-27	14.925	3.429	21.801	26.47	23.78	40.155
1996-04-28	12.652	3.057	17.117	23.78	19.78	32.827
1996-04-29	10.625	2.832	12.865	19.78	20.01	26.322
1996-04-30	9.42	3.048	11.65	20.01	36.92	24.117
1996-05-01	10.295	4.767	17.087	36.92	118.0	32.149
1996-05-02	13.24	7.603	21.981	118.0	79.52	42.825
1996-05-03	17.618	10.951	25.585	79.52	42.63	54.153
1996-05-04	19.173	12.039	26.738	42.63	30.78	57.95
1996-05-05	18.548	11.162	21.055	30.78	25.43	50.764
1996-05-06	15.675	8.931	15.847	25.43	22.11	40.453
1996-05-07	11.415	5.98	12.17	22.11	19.42	29.565
1996-05-08	9.8	4.853	10.273	19.42	17.46	24.926
1996-05-09	8.83	4.197	9.021	17.46	16.54	22.048
1996-05-10	8.162	3.786	8.184	16.54	16.78	20.132
1996-05-11	7.875	3.577	7.788	16.78	18.09	19.239
1996-05-12	8.0	3.472	7.838	18.09	19.11	19.31
1996-05-13	8.505	3.404	7.997	19.11	17.79	19.906
1996-05-14	8.775	3.297	7.986	17.79	15.21	20.058
1996-05-15	8.667	3.127	7.692	15.21	14.01	19.486
1996-05-16	8.197	2.93	7.128	14.01	13.28	18.255
1996-05-17	7.417	2.766	6.582	13.28	13.03	16.766
1996-05-18	6.952	2.662	6.266	13.03	13.34	15.881
1996-05-19	6.787	2.65	6.099	13.34	13.4	15.536
1996-05-20	6.745	2.642	6.223	13.4	17.43	15.611
1996-05-21	7.16	2.622	7.196	17.43	16.83	16.978
1996-05-22	7.397	2.694	7.939	16.83	27.83	18.031
1996-05-23	8.492	3.102	11.052	27.83	28.7	22.647
1996-05-24	9.42	3.593	12.743	28.7	22.7	25.756
1996-05-25	9.472	3.882	12.894	22.7	17.83	26.249
1996-05-26	9.395	3.97	12.811	17.83	22.79	26.176
1996-05-27	9.295	3.849	12.269	22.79	28.93	25.412
1996-05-28	9.445	3.592	12.021	28.93	29.35	25.057
1996-05-29	9.695	3.521	15.516	29.35	34.53	28.732
1996-05-30	10.547	3.778	18.899	34.53	33.95	33.224
1996-05-31	10.997	3.801	19.189	33.95	22.37	33.988
1996-06-01	10.355	3.671	18.696	22.37	17.71	32.722
1996-06-02	9.872	3.473	14.68	17.71	15.35	28.026
1996-06-03	8.907	3.034	10.987	15.35	13.49	22.928
1996-06-04	7.31	2.616	8.317	13.49	12.65	18.243
1996-06-05	6.717	2.42	7.26	12.65	10.77	16.397
1996-06-06	6.227	2.302	6.543	10.77	11.59	15.073
1996-06-07	6.027	2.304	6.175	11.59	16.58	14.506
1996-06-08	6.2	3.064	5.958	16.58	12.38	15.223
1996-06-09	6.015	3.201	5.603	12.38	10.47	14.819
1996-06-10	5.865	3.257	5.346	10.47	10.41	14.468
1996-06-11	5.61	3.35	5.028	10.41	11.46	13.989
1996-06-12	5.112	2.732	5.189	11.46	12.42	13.033
1996-06-13	4.947	2.612	5.603	12.42	10.31	13.163
1996-06-14	4.795	2.544	5.743	10.31	8.883	13.081
1996-06-15	4.615	2.33	5.713	8.883	8.469	12.658
1996-06-16	4.417	2.086	5.101	8.469	7.692	11.605
1996-06-17	4.235	1.989	4.421	7.692	8.196	10.645
1996-06-18	4.09	1.918	4.082	8.196	8.271	10.09
1996-06-19	3.987	1.872	3.891	8.271	7.797	9.75
1996-06-20	3.93	1.838	3.778	7.797	7.308	9.546
1996-06-21	3.887	1.804	3.697	7.308	7.858	9.389
1996-06-22	3.857	1.795	3.615	7.858	8.03	9.268
1996-06-23	3.815	1.778	3.538	8.03	7.592	9.13
1996-06-24	3.732	1.761	3.48	7.592	7.2	8.974
1996-06-25	3.617	1.739	3.418	7.2	7.301	8.775
1996-06-26	3.552	1.738	3.38	7.301	7.64	8.671
1996-06-27	3.515	1.763	3.366	7.64	8.891	8.644
1996-06-28	3.63	1.989	3.472	8.891	9.096	9.091
1996-06-29	3.767	2.101	3.535	9.096	8.009	9.404
1996-06-30	3.782	2.104	3.578	8.009	8.112	9.465
1996-07-01	3.95	2.097	3.637	8.112	8.743	9.684
1996-07-02	4.012	1.927	3.583	8.743	9.743	9.522
1996-07-03	4.12	2.026	4.872	9.743	25.6	11.018
1996-07-04	5.175	2.491	9.834	25.6	34.37	17.5
1996-07-05	7.19	2.8	13.086	34.37	19.06	23.077
1996-07-06	7.792	2.842	14.209	19.06	12.78	24.843
1996-07-07	7.992	2.687	13.555	12.78	11.23	24.234
1996-07-08	7.34	2.274	8.968	11.23	9.98	18.582
1996-07-09	5.407	1.972	5.919	9.98	8.654	13.298
1996-07-10	4.752	1.88	4.868	8.654	7.911	11.5
1996-07-11	4.4	1.826	4.315	7.911	7.658	10.541
1996-07-12	4.012	1.76	3.979	7.658	7.172	9.751
1996-07-13	3.747	1.713	3.76	7.172	6.912	9.221
1996-07-14	3.577	1.675	3.684	6.912	7.047	8.936
1996-07-15	3.43	1.634	3.605	7.047	6.94	8.669
1996-07-16	3.277	1.577	3.539	6.94	6.478	8.394
1996-07-17	3.15	1.538	3.457	6.478	6.009	8.145
1996-07-18	3.032	1.508	3.339	6.009	5.982	7.88
1996-07-19	2.947	1.487	3.193	5.982	5.672	7.627
1996-07-20	2.857	1.48	3.049	5.672	5.357	7.386
1996-07-21	2.752	1.464	2.923	5.357	5.322	7.139
1996-07-22	2.65	1.45	2.821	5.322	5.333	6.92
1996-07-23	2.587	1.439	2.853	5.333	6.615	6.879
1996-07-24	2.905	1.465	2.93	6.615	6.829	7.3
1996-07-25	3.08	1.476	2.959	6.829	5.903	7.514
1996-07-26	3.205	1.472	2.945	5.903	5.732	7.622
1996-07-27	3.262	1.47	2.804	5.732	5.714	7.536
1996-07-28	2.985	1.434	2.685	5.714	6.648	7.103
1996-07-29	2.925	1.634	2.722	6.648	11.01	7.281
1996-07-30	2.957	2.032	3.9	11.01	9.931	8.889
1996-07-31	3.12	2.164	4.543	9.931	9.123	9.828
1996-08-01	3.205	2.222	5.122	9.123	7.617	10.549
1996-08-02	3.207	2.034	5.333	7.617	6.872	10.574
1996-08-03	3.125	1.648	4.38	6.872	6.422	9.152
1996-08-04	2.932	1.523	3.926	6.422	5.958	8.382
1996-08-05	2.8	1.47	3.471	5.958	6.738	7.741
1996-08-06	2.79	1.501	3.353	6.738	7.952	7.644
1996-08-07	2.912	1.709	3.34	7.952	7.691	7.962
1996-08-08	3.04	1.795	3.32	7.691	7.371	8.155
1996-08-09	3.18	1.839	3.347	7.371	7.712	8.366
1996-08-10	3.292	1.89	3.405	7.712	13.39	8.587
1996-08-11	3.737	1.86	4.849	13.39	12.9	10.447
1996-08-12	4.16	1.845	5.467	12.9	9.586	11.472
1996-08-13	4.332	1.827	5.689	9.586	7.949	11.849
1996-08-14	4.315	1.742	5.7	7.949	7.109	11.757
1996-08-15	3.822	1.565	4.237	7.109	6.453	9.625
1996-08-16	3.327	1.497	3.591	6.453	6.105	8.415
1996-08-17	3.047	1.463	3.284	6.105	5.531	7.794
1996-08-18	2.87	1.437	3.072	5.531	5.647	7.379
1996-08-19	2.745	1.416	2.879	5.647	5.224	7.041
1996-08-20	2.647	1.417	2.748	5.224	5.266	6.812
1996-08-21	2.592	1.491	2.649	5.266	5.648	6.733
1996-08-22	2.705	1.53	2.651	5.648	8.521	6.885
1996-08-23	2.897	2.069	2.782	8.521	10.66	7.749
1996-08-24	3.28	2.577	3.234	10.66	14.88	9.091
1996-08-25	3.745	2.827	5.216	14.88	15.74	11.788
1996-08-26	4.095	2.998	7.464	15.74	41.07	14.557
1996-08-27	6.727	4.783	14.164	41.07	40.86	25.675
1996-08-28	9.387	5.007	17.766	40.86	33.38	32.161
1996-08-29	11.532	5.238	19.047	33.38	20.9	35.817
1996-08-30	12.375	5.28	18.216	20.9	14.13	35.871
1996-08-31	10.36	3.122	12.263	14.13	11.17	25.744
1996-09-01	7.907	2.493	8.825	11.17	10.04	19.226
1996-09-02	5.825	2.059	6.055	10.04	10.0	13.939
1996-09-03	5.007	1.952	4.965	10.0	9.021	11.924
1996-09-04	4.64	1.941	4.411	9.021	8.54	10.993
1996-09-05	4.437	1.946	4.129	8.54	8.07	10.512
1996-09-06	4.197	1.908	3.909	8.07	7.754	10.015
1996-09-07	3.917	1.841	3.779	7.754	7.491	9.538
1996-09-08	3.665	1.758	3.639	7.491	7.281	9.063
1996-09-09	3.455	1.701	3.463	7.281	7.106	8.619
1996-09-10	3.317	1.675	3.342	7.106	7.065	8.335
1996-09-11	3.215	1.655	3.257	7.065	6.878	8.127
1996-09-12	3.127	1.638	3.158	6.878	6.452	7.924
1996-09-13	3.035	1.61	3.071	6.452	6.339	7.717
1996-09-14	2.945	1.581	2.997	6.339	6.254	7.524
1996-09-15	2.857	1.558	2.891	6.254	6.127	7.307
1996-09-16	2.777	1.537	2.823	6.127	6.02	7.137
1996-09-17	2.715	1.526	2.777	6.02	6.131	7.018
1996-09-18	2.667	1.514	2.722	6.131	5.944	6.903
1996-09-19	2.63	1.501	2.683	5.944	5.902	6.814
1996-09-20	2.622	1.507	2.668	5.902	5.961	6.797
1996-09-21	2.635	1.524	2.651	5.961	5.918	6.81
1996-09-22	2.64	1.534	2.662	5.918	5.828	6.836
1996-09-23	2.64	1.547	2.671	5.828	5.828	6.858
1996-09-24	2.617	1.536	2.676	5.828	5.945	6.83
1996-09-25	2.612	1.529	2.676	5.945	5.983	6.818
1996-09-26	2.64	1.53	2.675	5.983	5.956	6.845
1996-09-27	2.685	1.558	2.668	5.956	6.779	6.911
1996-09-28	2.775	1.576	3.033	6.779	51.87	7.384
1996-09-29	7.237	1.86	7.484	51.87	71.44	16.581
1996-09-30	11.827	2.184	15.684	71.44	32.0	29.696
1996-10-01	13.402	2.276	18.729	32.0	18.31	34.408
1996-10-02	14.217	2.325	19.994	18.31	13.85	36.537
1996-10-03	10.297	2.08	18.025	13.85	37.8	30.402
1996-10-04	8.297	1.892	16.917	37.8	36.52	27.106
1996-10-05	8.977	2.133	18.115	36.52	22.54	29.225
1996-10-06	9.267	2.215	18.546	22.54	16.22	30.029
1996-10-07	9.497	2.281	17.499	16.22	13.6	29.277
1996-10-08	7.492	2.244	11.542	13.6	12.07	21.278
1996-10-09	5.725	1.983	8.26	12.07	11.03	15.967
1996-10-10	4.965	1.906	6.957	11.03	9.606	13.827
1996-10-11	4.51	1.845	6.13	9.606	8.741	12.485
1996-10-12	4.165	1.779	5.48	8.741	8.164	11.423
1996-10-13	3.857	1.709	4.942	8.164	7.69	10.509
1996-10-14	3.637	1.67	4.577	7.69	7.715	9.885
1996-10-15	3.53	1.695	4.415	7.715	11.21	9.64
1996-10-16	3.825	1.77	5.393	11.21	17.71	10.988
1996-10-17	5.032	1.814	7.266	17.71	16.85	14.113
1996-10-18	5.767	2.079	8.675	16.85	23.62	16.522
1996-10-19	7.177	2.332	11.985	23.62	22.18	21.494
1996-10-20	7.912	2.545	13.684	22.18	37.14	24.141
1996-10-21	8.277	3.332	17.841	37.14	25.09	29.451
1996-10-22	8.625	3.34	18.61	25.09	16.65	30.575
1996-10-23	7.792	3.2	16.527	16.65	12.93	27.519
1996-10-24	7.122	3.016	14.585	12.93	12.55	24.724
1996-10-25	5.995	2.488	9.494	12.55	34.69	17.976
1996-10-26	8.63	2.83	16.352	34.69	80.15	27.812
1996-10-27	17.205	3.439	24.341	80.15	77.41	44.986
1996-10-28	24.12	4.047	32.832	77.41	67.79	61.0
1996-10-29	30.1	4.508	39.387	67.79	38.05	73.995
1996-10-30	28.7	4.363	33.49	38.05	24.68	66.553
1996-10-31	20.932	4.03	27.703	24.68	39.27	52.665
1996-11-01	16.282	3.917	23.591	39.27	37.38	43.791
1996-11-02	13.807	3.607	21.624	37.38	42.33	39.039
1996-11-03	15.082	3.536	23.244	42.33	49.2	41.862
1996-11-04	18.7	3.919	27.954	49.2	91.77	50.573
1996-11-05	24.1	6.38	31.883	91.77	109.952	62.363
1996-11-06	29.926	9.766	36.055	109.952	117.6	75.747
1996-11-07	36.901	13.519	41.224	117.6	59.85	91.644
1996-11-08	35.401	14.572	38.288	59.85	46.17	88.261
1996-11-09	30.401	13.246	34.433	46.17	39.79	78.079
1996-11-10	23.075	10.747	28.312	39.79	31.34	62.134
1996-11-11	14.4	7.7	20.985	31.34	78.98	43.085
1996-11-12	15.275	8.023	27.949	78.98	81.29	51.246
1996-11-13	19.075	9.346	27.94	81.29	45.83	56.361
1996-11-14	19.475	10.714	27.547	45.83	36.09	57.736
1996-11-15	19.8	11.755	27.41	36.09	27.91	58.965
1996-11-16	17.175	10.815	17.156	27.91	26.47	45.147
1996-11-17	11.975	8.96	14.505	26.47	31.63	35.44
1996-11-18	11.475	6.952	14.239	31.63	24.98	32.666
1996-11-19	10.9	5.334	13.609	24.98	29.56	29.843
1996-11-20	11.5	6.212	14.158	29.56	32.17	31.87
1996-11-21	11.95	6.231	13.736	32.17	26.12	31.917
1996-11-22	11.4	6.724	12.977	26.12	30.39	31.101
1996-11-23	11.625	7.445	13.637	30.39	26.0	32.708
1996-11-24	10.82	6.203	13.042	26.0	37.26	30.065
1996-11-25	10.82	7.922	19.062	37.26	100.2	37.804
1996-11-26	18.495	9.941	27.457	100.2	67.15	55.893
1996-11-27	20.945	11.999	29.804	67.15	38.86	62.748
1996-11-28	22.075	12.216	31.02	38.86	48.78	65.311
1996-11-29	22.575	12.633	31.303	48.78	73.56	66.511
1996-11-30	19.15	12.662	31.346	73.56	82.03	63.158
1996-12-01	25.125	11.912	36.946	82.03	105.5	73.983
1996-12-02	30.637	13.637	44.131	105.5	88.79	88.406
1996-12-03	34.112	13.58	45.718	88.79	94.135	93.411
1996-12-04	35.05	14.19	44.816	94.135	99.48	94.056
1996-12-05	32.65	15.752	43.432	99.48	63.44	91.833
1996-12-06	28.487	15.878	38.41	63.44	44.59	82.776
1996-12-07	25.237	14.418	31.974	44.59	37.22	71.629
1996-12-08	20.975	12.213	25.37	37.22	48.03	58.558
1996-12-09	18.275	9.501	20.337	48.03	39.46	48.113
1996-12-10	17.65	7.432	17.905	39.46	31.23	42.987
1996-12-11	17.275	6.393	16.462	31.23	27.67	40.13
1996-12-12	16.7	5.498	15.2	27.67	25.2	37.399
1996-12-13	13.45	4.797	12.756	25.2	22.72	31.002
1996-12-14	11.66	4.559	11.204	22.72	21.94	27.424
1996-12-15	11.035	4.39	10.5	21.94	27.14	25.925
1996-12-16	11.185	4.24	10.672	27.14	28.11	26.097
1996-12-17	11.46	4.126	11.141	28.11	26.62	26.727
1996-12-18	11.8	4.413	12.083	26.62	35.07	28.296
1996-12-19	13.767	5.227	14.451	35.07	53.66	33.445
1996-12-20	18.75	6.734	18.998	53.66	72.25	44.482
1996-12-21	25.7	8.912	24.95	72.25	80.7	59.561
1996-12-22	28.3	11.246	27.781	80.7	58.84	67.327
1996-12-23	27.908	13.265	27.655	58.84	46.48	68.828
1996-12-24	23.475	13.531	24.103	46.48	39.75	61.109
1996-12-25	16.7	12.523	18.588	39.75	33.06	47.811
1996-12-26	14.2	10.361	15.617	33.06	29.52	40.178
1996-12-27	12.625	7.909	13.698	29.52	28.67	34.232
1996-12-28	11.675	6.491	12.461	28.67	29.31	30.628
1996-12-29	11.45	5.653	11.855	29.31	34.28	28.958
1996-12-30	12.475	5.678	12.251	34.28	39.42	30.404
1996-12-31	13.95	5.705	12.749	39.42		32.404
